TW_1041_TW_1041	TW_1041_TW_1041	2	47	-0.0224312	-0.0494377	0.311294	-0.26257	0.0656173	-0.0477991	0.230436	0.129913	0.00809119	0.00282951	-0.00666292	-0.00527646	-0.00433701	-0.00830297	0.000528333	-0.00257205	-0.00237545	-0.0014025	0.00247546	0.00469997
TW_1042_TW_1042	TW_1042_TW_1042	2	47	-0.0224312	-0.0494377	0.311294	-0.26257	0.0656173	-0.0477991	0.230436	0.129913	0.00809119	0.00282951	-0.00666292	-0.00527646	-0.00433701	-0.00830297	0.000528333	-0.00257205	-0.00237545	-0.0014025	0.00247546	0.00469997
TW_1045_TW_1045	TW_1045_TW_1045	2	78.9	0.135381	0.00829286	0.0110583	-0.00648037	0.00505428	-0.00287439	0.000165811	0.00586293	-0.00112714	-0.0439503	0.0208448	0.0624352	0.0691007	0.157997	-0.10404	0.0698147	0.0375619	-0.0850476	-0.122647	0.14536
TW_1046_TW_1046	TW_1046_TW_1046	2	78.9	0.135381	0.00829286	0.0110583	-0.00648037	0.00505428	-0.00287439	0.000165811	0.00586293	-0.00112714	-0.0439503	0.0208448	0.0624352	0.0691007	0.157997	-0.10404	0.0698147	0.0375619	-0.0850476	-0.122647	0.14536
TW_105_TW_105	TW_105_TW_105	2	30	-0.0219578	0.00297147	-0.00322702	-0.00214882	0.00673947	-0.00195533	-0.00604241	-0.0117287	0.0164778	0.00226265	0.0195001	0.018237	-0.00385978	-0.00454843	-0.0280492	-0.00800928	-0.0433272	0.010062	0.0328982	-0.00473478
TW_106_TW_106	TW_106_TW_106	2	30	-0.0219578	0.00297147	-0.00322702	-0.00214882	0.00673947	-0.00195533	-0.00604241	-0.0117287	0.0164778	0.00226265	0.0195001	0.018237	-0.00385978	-0.00454843	-0.0280492	-0.00800928	-0.0433272	0.010062	0.0328982	-0.00473478
TW_107_TW_107	TW_107_TW_107	2	65.4	-0.0257601	0.00508817	0.212599	0.0588705	0.155661	0.248484	-0.302731	0.136189	-0.00652463	0.00739367	-0.0100612	-0.00750703	0.000297251	0.000404232	0.000212216	-0.00197753	0.00171777	0.00606747	0.00224614	-0.000242754
TW_108_TW_108	TW_108_TW_108	2	65.4	-0.0257601	0.00508817	0.212599	0.0588705	0.155661	0.248484	-0.302731	0.136189	-0.00652463	0.00739367	-0.0100612	-0.00750703	0.000297251	0.000404232	0.000212216	-0.00197753	0.00171777	0.00606747	0.00224614	-0.000242754
TW_1088_TW_1088	TW_1088_TW_1088	2	32	-0.0222216	0.00243097	-0.000134386	0.000369603	-0.00311626	0.00477514	0.00290531	-0.00706137	0.00542773	0.00539709	0.0196809	0.00746826	-0.0280065	0.00116097	-0.0233727	0.0326267	-0.0881476	-0.0333577	-0.0306809	-0.0392083
TW_1089_TW_1089	TW_1089_TW_1089	2	32	-0.0222216	0.00243097	-0.000134386	0.000369603	-0.00311626	0.00477514	0.00290531	-0.00706137	0.00542773	0.00539709	0.0196809	0.00746826	-0.0280065	0.00116097	-0.0233727	0.0326267	-0.0881476	-0.0333577	-0.0306809	-0.0392083
TW_109_TW_109	TW_109_TW_109	2	49	-0.0233638	0.134773	-0.238609	-0.158719	0.319817	-0.12088	-0.0483623	0.157929	-0.00203604	0.00269181	-0.00914871	-0.00929103	-0.00678153	0.00643595	0.00118464	-0.00661481	0.00175215	-0.00357928	-0.000382906	-0.00458787
TW_11_TW_11	TW_11_TW_11	2	24.1	-0.0215416	0.00385347	0.00581382	0.00214454	-0.00500298	0.00954376	0.00470995	-0.0184179	0.0177398	-0.0146561	-0.0174833	-0.0201767	-0.0064173	0.03187	0.119461	-0.0121274	0.0571755	-0.0248345	-0.0666535	0.0536557
TW_110_TW_110	TW_110_TW_110	2	49	-0.0233638	0.134773	-0.238609	-0.158719	0.319817	-0.12088	-0.0483623	0.157929	-0.00203604	0.00269181	-0.00914871	-0.00929103	-0.00678153	0.00643595	0.00118464	-0.00661481	0.00175215	-0.00357928	-0.000382906	-0.00458787
TW_115_TW_115	TW_115_TW_115	2	26.1	-0.021352	0.00520811	0.00264966	-4.31E-05	-0.00462498	0.00485971	0.00896575	-0.0117586	0.0137188	-0.00164176	-0.000615747	-0.00145237	0.00753477	-0.0102343	0.0373305	-0.0490675	-0.0135385	-0.0134044	-0.00900348	0.0299491
TW_116_TW_116	TW_116_TW_116	2	26.1	-0.021352	0.00520811	0.00264966	-4.31E-05	-0.00462498	0.00485971	0.00896575	-0.0117586	0.0137188	-0.00164176	-0.000615747	-0.00145237	0.00753477	-0.0102343	0.0373305	-0.0490675	-0.0135385	-0.0134044	-0.00900348	0.0299491
TW_1164_TW_1164	TW_1164_TW_1164	1	27.4	-0.0207152	0.00256041	-0.0106648	9.31E-05	-0.000769765	0.0058657	0.00357398	-0.0112395	-0.00212229	0.00785976	-0.0073123	-0.0123419	-0.00124053	-0.00922361	0.0453524	0.0747023	-0.0124833	0.00793395	-0.00178001	-0.0159563
TW_1165_TW_1165	TW_1165_TW_1165	1	27.4	-0.0207152	0.00256041	-0.0106648	9.31E-05	-0.000769765	0.0058657	0.00357398	-0.0112395	-0.00212229	0.00785976	-0.0073123	-0.0123419	-0.00124053	-0.00922361	0.0453524	0.0747023	-0.0124833	0.00793395	-0.00178001	-0.0159563
TW_1174_TW_1174	TW_1174_TW_1174	2	36.5	-0.0192055	0.00108867	-0.00534627	0.0042473	-0.00425294	0.00135561	-0.00380709	-0.00986488	0.00730889	0.0096271	0.0108309	0.00134088	-0.0342651	-0.0431453	-0.0322449	-0.0429	0.0250081	0.0157224	0.0145519	-0.00192164
TW_1175_TW_1175	TW_1175_TW_1175	2	36.5	-0.0192055	0.00108867	-0.00534627	0.0042473	-0.00425294	0.00135561	-0.00380709	-0.00986488	0.00730889	0.0096271	0.0108309	0.00134088	-0.0342651	-0.0431453	-0.0322449	-0.0429	0.0250081	0.0157224	0.0145519	-0.00192164
TW_12_TW_12	TW_12_TW_12	2	24.1	-0.0215416	0.00385347	0.00581382	0.00214454	-0.00500298	0.00954376	0.00470995	-0.0184179	0.0177398	-0.0146561	-0.0174833	-0.0201767	-0.0064173	0.03187	0.119461	-0.0121274	0.0571755	-0.0248345	-0.0666535	0.0536557
TW_1210_TW_1210	TW_1210_TW_1210	2	34.6	-0.0206306	0.00709004	-0.00247071	0.00531747	-0.00458682	-0.0033359	0.00192516	-0.0168505	0.000240004	0.00311866	-0.00539802	-0.00283033	0.0215948	-0.00577507	0.0793676	0.0192521	0.00731975	-0.0409649	-0.0832556	0.0259515
TW_1211_TW_1211	TW_1211_TW_1211	2	34.6	-0.0206306	0.00709004	-0.00247071	0.00531747	-0.00458682	-0.0033359	0.00192516	-0.0168505	0.000240004	0.00311866	-0.00539802	-0.00283033	0.0215948	-0.00577507	0.0793676	0.0192521	0.00731975	-0.0409649	-0.0832556	0.0259515
TW_1271_TW_1271	TW_1271_TW_1271	2	47.7	-0.0239398	0.0570519	0.0112092	-0.195225	-0.293558	-0.181294	-0.262912	0.12496	0.00376673	-0.00558997	-0.0038194	-0.00489375	-0.00331371	0.00176928	-0.000370632	-0.00101729	0.00632866	-0.00261025	0.00711175	-0.00383206
TW_1272_TW_1272	TW_1272_TW_1272	2	47.7	-0.0239398	0.0570519	0.0112092	-0.195225	-0.293558	-0.181294	-0.262912	0.12496	0.00376673	-0.00558997	-0.0038194	-0.00489375	-0.00331371	0.00176928	-0.000370632	-0.00101729	0.00632866	-0.00261025	0.00711175	-0.00383206
TW_1289_TW_1289	TW_1289_TW_1289	1	34.1	0.142937	0.00224931	0.00272046	0.000688806	0.000781006	-0.000741141	-8.19E-05	0.00308975	-0.0124103	-0.0403048	-0.00919206	0.0786271	-0.0404052	-0.0115627	0.0556746	-0.0712098	-0.13825	0.0834512	0.0839179	0.00872668
TW_1290_TW_1290	TW_1290_TW_1290	1	34.1	0.142937	0.00224931	0.00272046	0.000688806	0.000781006	-0.000741141	-8.19E-05	0.00308975	-0.0124103	-0.0403048	-0.00919206	0.0786271	-0.0404052	-0.0115627	0.0556746	-0.0712098	-0.13825	0.0834512	0.0839179	0.00872668
TW_1305_TW_1305	TW_1305_TW_1305	1	64.2	-0.0228752	0.0034916	0.00442336	0.00424964	-0.00949216	0.00272187	0.000726614	-0.0159358	0.00047865	0.00756809	-0.00626167	0.00499254	-0.00380775	0.00819527	0.00601187	-0.0282297	0.052626	0.0281339	-0.029478	0.0415714
TW_1306_TW_1306	TW_1306_TW_1306	1	64.2	-0.0228752	0.0034916	0.00442336	0.00424964	-0.00949216	0.00272187	0.000726614	-0.0159358	0.00047865	0.00756809	-0.00626167	0.00499254	-0.00380775	0.00819527	0.00601187	-0.0282297	0.052626	0.0281339	-0.029478	0.0415714
TW_1321_TW_1321	TW_1321_TW_1321	2	49.6	-0.0204431	-0.000164633	-0.00319013	-0.00120501	0.00407885	-0.00318988	0.00183344	-0.0146764	0.000364031	0.00567218	-0.0021843	0.00279025	0.0333021	-0.025872	0.0217397	0.0158442	-0.0527414	-0.0460072	0.00668891	0.006189
TW_1322_TW_1322	TW_1322_TW_1322	2	49.6	-0.0204431	-0.000164633	-0.00319013	-0.00120501	0.00407885	-0.00318988	0.00183344	-0.0146764	0.000364031	0.00567218	-0.0021843	0.00279025	0.0333021	-0.025872	0.0217397	0.0158442	-0.0527414	-0.0460072	0.00668891	0.006189
TW_1349_TW_1349	TW_1349_TW_1349	2	23.9	-0.020009	0.00598818	-0.00125107	0.0073348	-0.00133808	-0.00273728	-0.00241145	-0.0141829	0.00614966	-0.00219765	0.0150127	-0.000619797	0.00617849	-0.0510363	0.0569191	-0.0313135	0.0222358	-0.0195509	-0.0387044	0.0678738
TW_1350_TW_1350	TW_1350_TW_1350	2	23.9	-0.020009	0.00598818	-0.00125107	0.0073348	-0.00133808	-0.00273728	-0.00241145	-0.0141829	0.00614966	-0.00219765	0.0150127	-0.000619797	0.00617849	-0.0510363	0.0569191	-0.0313135	0.0222358	-0.0195509	-0.0387044	0.0678738
TW_1373_TW_1373	TW_1373_TW_1373	2	53	-0.0235603	0.00126052	0.0057106	0.00503554	-0.00312975	-0.000229205	0.0128871	-0.00870374	0.00575108	0.00163137	-0.00103963	0.00508889	0.0390819	0.0668156	-0.0817816	-0.0194352	0.0239108	0.0494207	0.0439082	-0.0343257
TW_1374_TW_1374	TW_1374_TW_1374	2	53	-0.0235603	0.00126052	0.0057106	0.00503554	-0.00312975	-0.000229205	0.0128871	-0.00870374	0.00575108	0.00163137	-0.00103963	0.00508889	0.0390819	0.0668156	-0.0817816	-0.0194352	0.0239108	0.0494207	0.0439082	-0.0343257
TW_1391_TW_1391	TW_1391_TW_1391	2	31.2	-0.0216932	0.0120261	0.00210458	0.00123693	-0.00068017	0.00527553	0.000175356	-0.0106117	0.00448861	-0.00267666	0.0327328	0.00857986	0.027938	-0.0287404	0.0181097	0.00153848	0.002536	-0.00450313	-0.05358	-0.0349238
TW_1392_TW_1392	TW_1392_TW_1392	2	31.2	-0.0216932	0.0120261	0.00210458	0.00123693	-0.00068017	0.00527553	0.000175356	-0.0106117	0.00448861	-0.00267666	0.0327328	0.00857986	0.027938	-0.0287404	0.0181097	0.00153848	0.002536	-0.00450313	-0.05358	-0.0349238
TW_1417_TW_1417	TW_1417_TW_1417	2	41.6	-0.0200199	-6.38E-05	-0.00847557	-0.00213501	0.00564203	0.00409452	-0.00224815	-0.0180105	0.0090885	-0.00311215	0.0148049	-0.000171979	0.00933524	-0.0143843	-0.000335778	-0.0249691	0.00712623	0.00782829	-0.00699828	0.0219119
TW_1418_TW_1418	TW_1418_TW_1418	2	41.6	-0.0200199	-6.38E-05	-0.00847557	-0.00213501	0.00564203	0.00409452	-0.00224815	-0.0180105	0.0090885	-0.00311215	0.0148049	-0.000171979	0.00933524	-0.0143843	-0.000335778	-0.0249691	0.00712623	0.00782829	-0.00699828	0.0219119
TW_1431_TW_1431	TW_1431_TW_1431	2	22.8	-0.0192853	0.000475373	-0.00225789	4.66E-05	-0.00176354	0.00230912	0.000721292	-0.0110719	0.00493542	0.000326647	-0.00504564	-0.00369497	0.0111964	-0.00180331	-0.0173912	-0.0114149	-0.00240094	-0.000933461	0.012541	0.0170874
TW_1432_TW_1432	TW_1432_TW_1432	2	22.8	-0.0192486	-0.00129743	0.00140298	-0.00190623	-0.00288093	0.00108416	0.00508545	-0.0130071	0.00152552	-0.00346599	-0.0049525	-0.000349565	0.0184353	0.0128565	-0.0224318	-0.00501745	-0.00418022	0.000940192	0.0140751	0.00811809
TW_1453_TW_1453	TW_1453_TW_1453	1	62.6	-0.0189203	-0.00953666	0.00123268	0.00564839	-0.00852323	0.00515571	0.00964231	-0.0168171	0.0176195	0.00460546	-0.00804121	0.0251872	0.0370406	0.0144943	0.0319094	-0.0391681	0.0336609	-0.00857611	0.0273163	0.0484389
TW_1454_TW_1454	TW_1454_TW_1454	1	62.6	-0.0189203	-0.00953666	0.00123268	0.00564839	-0.00852323	0.00515571	0.00964231	-0.0168171	0.0176195	0.00460546	-0.00804121	0.0251872	0.0370406	0.0144943	0.0319094	-0.0391681	0.0336609	-0.00857611	0.0273163	0.0484389
TW_1543_TW_1543	TW_1543_TW_1543	2	68.3	-0.0216313	0.00333424	-0.0127897	0.00688034	-0.00588044	0.000562546	0.00511251	-0.0167067	0.0106637	-0.00881092	0.0259552	0.0150559	0.0174473	-0.00374934	-0.049396	0.0336623	-0.0415195	0.0127596	0.079115	-0.061561
TW_1544_TW_1544	TW_1544_TW_1544	2	68.3	-0.0216313	0.00333424	-0.0127897	0.00688034	-0.00588044	0.000562546	0.00511251	-0.0167067	0.0106637	-0.00881092	0.0259552	0.0150559	0.0174473	-0.00374934	-0.049396	0.0336623	-0.0415195	0.0127596	0.079115	-0.061561
TW_157_TW_157	TW_157_TW_157	2	35.6	-0.0229356	-0.00636941	-0.00344799	0.0117208	0.00199331	0.00105991	-0.00114013	-0.0182427	0.00344913	-0.00768236	0.00615781	0.0206641	-0.0289674	-0.0466822	-0.016427	-0.0152572	-0.022779	0.00299534	0.0547782	0.0477369
TW_1576_TW_1576	TW_1576_TW_1576	2	27.8	-0.0220123	0.000874902	-0.0070265	0.00039007	-0.00346251	0.00164673	0.00244819	-0.0212247	0.0171255	-0.00160762	0.00314139	0.0017123	0.00605619	0.00636566	0.038659	-0.037445	-0.0299733	-0.0196578	-0.0839479	0.0590792
TW_1577_TW_1577	TW_1577_TW_1577	2	27.8	-0.0220123	0.000874902	-0.0070265	0.00039007	-0.00346251	0.00164673	0.00244819	-0.0212247	0.0171255	-0.00160762	0.00314139	0.0017123	0.00605619	0.00636566	0.038659	-0.037445	-0.0299733	-0.0196578	-0.0839479	0.0590792
TW_158_TW_158	TW_158_TW_158	2	35.6	-0.0229356	-0.00636941	-0.00344799	0.0117208	0.00199331	0.00105991	-0.00114013	-0.0182427	0.00344913	-0.00768236	0.00615781	0.0206641	-0.0289674	-0.0466822	-0.016427	-0.0152572	-0.022779	0.00299534	0.0547782	0.0477369
TW_1641_TW_1641	TW_1641_TW_1641	2	65.9	-0.0206145	-0.00418886	-0.00453877	0.00399558	0.00465462	0.00159255	-0.0051727	-0.012743	-0.00207682	0.0063669	0.00282918	0.00728632	-0.0126244	-0.0565095	0.0147612	0.0949519	-0.0283943	0.0188	0.0231694	-0.0217587
TW_1642_TW_1642	TW_1642_TW_1642	2	65.9	-0.0206145	-0.00418886	-0.00453877	0.00399558	0.00465462	0.00159255	-0.0051727	-0.012743	-0.00207682	0.0063669	0.00282918	0.00728632	-0.0126244	-0.0565095	0.0147612	0.0949519	-0.0283943	0.0188	0.0231694	-0.0217587
TW_165_TW_165	TW_165_TW_165	1	63	-0.00852264	-0.0254898	-0.0122929	0.00233348	-0.00182555	0.0111446	0.00556592	-0.00795712	-4.41E-06	-0.00174	-0.0373995	-0.0151176	-0.220593	0.0218408	-0.0991144	0.0990367	-0.0392884	0.00814802	0.043504	0.0262721
TW_166_TW_166	TW_166_TW_166	1	63	-0.00853249	-0.025399	-0.0123049	0.00241307	-0.00177721	0.0112011	0.00561014	-0.00774789	-0.000212587	-0.00195883	-0.0374339	-0.0151774	-0.220548	0.0220429	-0.0992698	0.0992274	-0.0394519	0.00824576	0.0435342	0.0263755
TW_1667_TW_1667	TW_1667_TW_1667	2	57.9	-0.021113	0.00364349	-0.00336577	-0.00460777	0.000803362	3.43E-05	0.00572525	-0.0195399	-0.00328332	0.0210695	0.0162301	-0.00219357	0.00258118	0.0223864	0.00580977	-0.0590707	0.0407951	-0.0209831	-0.0762656	-0.00695618
TW_1668_TW_1668	TW_1668_TW_1668	2	57.9	-0.021113	0.00364349	-0.00336577	-0.00460777	0.000803362	3.43E-05	0.00572525	-0.0195399	-0.00328332	0.0210695	0.0162301	-0.00219357	0.00258118	0.0223864	0.00580977	-0.0590707	0.0407951	-0.0209831	-0.0762656	-0.00695618
TW_1712_TW_1712	TW_1712_TW_1712	2	31.3	-0.0214908	0.00204952	-0.000259022	0.00353268	0.000746477	0.0133158	0.003798	-0.0139122	0.0164363	-0.00318592	0.00609417	0.0229574	-0.00836114	0.117171	-0.0291203	0.00471004	0.0375443	0.0496127	-0.0210791	0.0217266
TW_1713_TW_1713	TW_1713_TW_1713	2	31.3	-0.0214908	0.00204952	-0.000259022	0.00353268	0.000746477	0.0133158	0.003798	-0.0139122	0.0164363	-0.00318592	0.00609417	0.0229574	-0.00836114	0.117171	-0.0291203	0.00471004	0.0375443	0.0496127	-0.0210791	0.0217266
TW_175_TW_175	TW_175_TW_175	2	43.8	-0.0210172	0.000703877	0.00601858	0.00633416	0.00209237	0.00896114	0.00408475	-0.0260438	0.013722	0.00632498	0.00920184	0.0168178	0.0228931	-0.0449717	0.0426631	0.0371752	-0.00678146	-0.0244865	0.0272359	0.00684989
TW_1752_TW_1752	TW_1752_TW_1752	1	25.8	-0.0212268	0.00596364	-0.00450373	-0.00110137	0.0030148	0.00471987	-0.00373294	-0.0144001	0.0229627	-0.00210661	0.00704956	0.018016	-0.00742631	-0.00731412	0.00233626	-0.0106115	-0.0461945	-0.0412275	0.0647132	-0.0374524
TW_1753_TW_1753	TW_1753_TW_1753	1	25.8	-0.0212268	0.00596364	-0.00450373	-0.00110137	0.0030148	0.00471987	-0.00373294	-0.0144001	0.0229627	-0.00210661	0.00704956	0.018016	-0.00742631	-0.00731412	0.00233626	-0.0106115	-0.0461945	-0.0412275	0.0647132	-0.0374524
TW_176_TW_176	TW_176_TW_176	2	43.8	-0.0210172	0.000703877	0.00601858	0.00633416	0.00209237	0.00896114	0.00408475	-0.0260438	0.013722	0.00632498	0.00920184	0.0168178	0.0228931	-0.0449717	0.0426631	0.0371752	-0.00678146	-0.0244865	0.0272359	0.00684989
TW_1764_TW_1764	TW_1764_TW_1764	1	21.8	-0.0201497	0.00633499	0.000370077	0.00460298	0.00225906	0.00393436	0.00270297	-0.0214865	0.0054983	-0.0105994	0.0188931	-0.00366251	0.0186709	0.00565333	-0.00305435	0.022379	0.0351172	-0.0183245	0.00463357	-0.00570959
TW_1765_TW_1765	TW_1765_TW_1765	1	21.8	-0.0201497	0.00633499	0.000370077	0.00460298	0.00225906	0.00393436	0.00270297	-0.0214865	0.0054983	-0.0105994	0.0188931	-0.00366251	0.0186709	0.00565333	-0.00305435	0.022379	0.0351172	-0.0183245	0.00463357	-0.00570959
TW_1774_TW_1774	TW_1774_TW_1774	2	58.4	-0.0222677	0.00683987	-0.00428138	0.00152776	-0.0125986	0.00040091	0.00737422	-0.0160804	-0.00329675	0.00655392	0.0216193	0.010159	0.013847	0.0172613	-0.0143602	-0.0478613	-0.048993	0.0145867	-0.100085	0.0199689
TW_1775_TW_1775	TW_1775_TW_1775	2	58.4	-0.0222677	0.00683987	-0.00428138	0.00152776	-0.0125986	0.00040091	0.00737422	-0.0160804	-0.00329675	0.00655392	0.0216193	0.010159	0.013847	0.0172613	-0.0143602	-0.0478613	-0.048993	0.0145867	-0.100085	0.0199689
TW_183_TW_183	TW_183_TW_183	2	63.5	0.139166	0.00360477	0.00583165	-0.00332854	0.00565746	-0.00113985	-0.00287735	0.0106864	0.000189229	-0.0324222	-0.00912709	0.0456426	0.024481	-0.0445141	-0.0437836	-0.081173	-0.141094	0.0592434	-0.0276594	0.0956549
TW_1830_TW_1830	TW_1830_TW_1830	2	34.5	-0.020714	0.00103045	-0.00223056	0.00812814	-0.00920367	0.00550517	0.00480312	-0.015263	0.00866491	0.00972694	0.0193487	-0.00435549	0.00656931	0.012087	0.0101056	-0.0180653	0.00957917	-0.0766308	0.0155976	-0.0862255
TW_1831_TW_1831	TW_1831_TW_1831	2	34.5	-0.020714	0.00103045	-0.00223056	0.00812814	-0.00920367	0.00550517	0.00480312	-0.015263	0.00866491	0.00972694	0.0193487	-0.00435549	0.00656931	0.012087	0.0101056	-0.0180653	0.00957917	-0.0766308	0.0155976	-0.0862255
TW_184_TW_184	TW_184_TW_184	2	63.5	0.139176	0.00370343	0.00580751	-0.00310575	0.00593994	-0.00141251	-0.00270202	0.0106862	0.000459648	-0.0327651	-0.00871084	0.0456063	0.0245166	-0.0450251	-0.0438949	-0.0804501	-0.140889	0.0589992	-0.0271224	0.0954857
TW_1851_TW_1851	TW_1851_TW_1851	2	21.5	-0.0145543	-0.0035319	-0.00395654	0.00345301	-0.000241455	0.00379223	0.0037928	-0.00144687	-0.00457383	0.00301171	0.004775	0.000966208	-0.0198066	-0.00238924	-0.0102646	-0.00355872	-6.28E-06	-0.0043065	0.0154366	0.00207726
TW_1860_TW_1860	TW_1860_TW_1860	1	21.8	-0.0212828	0.00373367	-0.000877258	-0.00146812	0.000274673	-0.0023317	-0.00249876	-0.0118198	0.00834835	-0.00333037	0.0368682	-0.0149524	0.0158028	-0.000569414	0.00550339	0.0175733	-0.00509518	-0.0440081	-0.00846002	0.0747318
TW_1861_TW_1861	TW_1861_TW_1861	1	21.8	-0.0212828	0.00373367	-0.000877258	-0.00146812	0.000274673	-0.0023317	-0.00249876	-0.0118198	0.00834835	-0.00333037	0.0368682	-0.0149524	0.0158028	-0.000569414	0.00550339	0.0175733	-0.00509518	-0.0440081	-0.00846002	0.0747318
TW_1866_TW_1866	TW_1866_TW_1866	2	27.4	-0.0193991	0.00093561	0.0021319	0.00316488	-0.0014323	0.00480665	0.0111486	-0.0175419	0.0185706	0.00517154	-2.81E-05	-0.0124551	0.00851929	-0.011608	0.0555296	-0.0234622	0.0254964	-0.0496455	0.0373652	-0.00083275
TW_1867_TW_1867	TW_1867_TW_1867	2	27.4	-0.0194367	0.00117626	0.00207917	0.00328944	-0.00147871	0.0046379	0.0112326	-0.0174478	0.0185683	0.00535744	1.49E-05	-0.0125748	0.0085654	-0.0115557	0.0554245	-0.0235302	0.025519	-0.0496283	0.0377797	-0.000973552
TW_1874_TW_1874	TW_1874_TW_1874	1	20.3	-0.0233826	0.0015206	-0.00794608	0.00217278	-0.00150548	0.00131407	0.00438773	-0.012057	-0.00880243	-0.005104	0.00647637	0.014213	0.000807206	-0.00769138	-0.00988718	-0.102642	0.0171432	-0.00841314	-0.00334642	0.0705965
TW_1875_TW_1875	TW_1875_TW_1875	1	20.3	-0.0233826	0.0015206	-0.00794608	0.00217278	-0.00150548	0.00131407	0.00438773	-0.012057	-0.00880243	-0.005104	0.00647637	0.014213	0.000807206	-0.00769138	-0.00988718	-0.102642	0.0171432	-0.00841314	-0.00334642	0.0705965
TW_1886_TW_1886	TW_1886_TW_1886	2	70.7	-0.0187686	0.0060942	-0.00725677	-0.00200917	0.000407122	0.00167459	0.00553459	-0.025149	0.00120028	0.0128124	-0.0174752	-0.00259165	-0.00501063	-0.0521167	-0.000821017	-0.0170953	0.0599296	0.0219913	0.00405715	0.00952388
TW_1887_TW_1887	TW_1887_TW_1887	2	70.7	-0.0187686	0.0060942	-0.00725677	-0.00200917	0.000407122	0.00167459	0.00553459	-0.025149	0.00120028	0.0128124	-0.0174752	-0.00259165	-0.00501063	-0.0521167	-0.000821017	-0.0170953	0.0599296	0.0219913	0.00405715	0.00952388
TW_1907_TW_1907	TW_1907_TW_1907	1	39.6	0.127536	0.002397	0.0104238	0.00272959	-0.00834665	0.008018	0.00211077	0.00486429	-0.0228993	-0.0463581	-0.0293403	0.0611888	-0.0268169	-0.0521673	-0.07444	-0.0484767	0.0771356	0.0242935	-0.153633	-0.222294
TW_1908_TW_1908	TW_1908_TW_1908	1	39.6	0.127536	0.002397	0.0104238	0.00272959	-0.00834665	0.008018	0.00211077	0.00486429	-0.0228993	-0.0463581	-0.0293403	0.0611888	-0.0268169	-0.0521673	-0.07444	-0.0484767	0.0771356	0.0242935	-0.153633	-0.222294
TW_1915_TW_1915	TW_1915_TW_1915	2	32.5	0.138236	0.00202789	0.000610743	-0.00356499	-0.00204025	0.000651819	-0.000938013	-0.00127755	-0.0129836	-0.0562014	-0.0169908	0.0670751	-0.0905539	0.0822862	0.0878553	-0.0170704	-0.141697	0.0558494	0.0630405	-0.102238
TW_1916_TW_1916	TW_1916_TW_1916	2	32.5	0.138236	0.00202789	0.000610743	-0.00356499	-0.00204025	0.000651819	-0.000938013	-0.00127755	-0.0129836	-0.0562014	-0.0169908	0.0670751	-0.0905539	0.0822862	0.0878553	-0.0170704	-0.141697	0.0558494	0.0630405	-0.102238
TW_1937_TW_1937	TW_1937_TW_1937	1	22	-0.0218152	-0.00147077	-0.00763899	0.00425924	-0.000985462	0.00447992	-0.00160681	-0.00309566	0.00614762	0.0112723	0.0192098	-0.0163782	-0.0258081	0.0151138	0.00308901	0.000537141	0.00588599	-0.011936	0.0220095	-0.0499992
TW_1938_TW_1938	TW_1938_TW_1938	1	22	-0.0218152	-0.00147077	-0.00763899	0.00425924	-0.000985462	0.00447992	-0.00160681	-0.00309566	0.00614762	0.0112723	0.0192098	-0.0163782	-0.0258081	0.0151138	0.00308901	0.000537141	0.00588599	-0.011936	0.0220095	-0.0499992
TW_1939_TW_1939	TW_1939_TW_1939	1	22.6	-0.0150438	0.00055573	0.00116776	0.00184309	0.00139519	0.00495109	0.0108742	-0.0145968	-0.00483531	-0.00683397	-0.00969369	-0.0124674	-0.0999975	0.00253152	0.048435	0.00709683	0.0319227	-0.0384888	0.017573	-0.0219064
TW_1940_TW_1940	TW_1940_TW_1940	1	22.6	-0.0150438	0.00055573	0.00116776	0.00184309	0.00139519	0.00495109	0.0108742	-0.0145968	-0.00483531	-0.00683397	-0.00969369	-0.0124674	-0.0999975	0.00253152	0.048435	0.00709683	0.0319227	-0.0384888	0.017573	-0.0219064
TW_1965_TW_1965	TW_1965_TW_1965	2	24.8	-0.0187038	0.00174417	0.00359464	-0.000861493	0.00120406	0.00123793	0.00433371	-0.0193984	0.00317726	0.00779117	-0.0101748	-0.0104944	-0.00698276	0.0356665	0.0442022	0.0084871	-0.0334603	-0.0508328	-0.0788133	-0.0245773
TW_1966_TW_1966	TW_1966_TW_1966	2	24.8	-0.0187038	0.00174417	0.00359464	-0.000861493	0.00120406	0.00123793	0.00433371	-0.0193984	0.00317726	0.00779117	-0.0101748	-0.0104944	-0.00698276	0.0356665	0.0442022	0.0084871	-0.0334603	-0.0508328	-0.0788133	-0.0245773
TW_1987_TW_1987	TW_1987_TW_1987	1	55.6	0.141819	0.00309059	0.00303568	0.00141992	-0.000110065	-0.00138215	-0.00327626	-0.000332261	0.00410977	-0.0474449	-0.0101171	0.047653	0.0132701	0.0940226	0.157066	0.12812	-0.0881804	0.128087	-0.0243239	0.140594
TW_1988_TW_1988	TW_1988_TW_1988	1	55.6	0.141819	0.00309059	0.00303568	0.00141992	-0.000110065	-0.00138215	-0.00327626	-0.000332261	0.00410977	-0.0474449	-0.0101171	0.047653	0.0132701	0.0940226	0.157066	0.12812	-0.0881804	0.128087	-0.0243239	0.140594
TW_201_TW_201	TW_201_TW_201	1	24	-0.0211017	0.00421401	-0.00225042	0.0031575	-0.00461983	0.000152771	0.00448765	-0.0134209	0.0123642	-0.00395966	0.00699831	0.0072031	0.00801107	-0.00964125	0.0049996	0.0020881	-0.00765674	-0.00480977	-0.0159494	-0.0109896
TW_2017_TW_2017	TW_2017_TW_2017	2	61.4	0.142263	0.00497459	0.00616835	0.00407902	0.00137823	-0.0032644	0.00305671	-0.00192913	-0.0122094	-0.110307	0.198929	-0.335449	-0.000446879	0.00471197	0.00632371	-0.0125806	0.013435	0.00441875	0.00614063	-0.003797
TW_2018_TW_2018	TW_2018_TW_2018	2	61.4	0.140108	0.00584774	0.00504641	0.00633068	-0.0019729	-0.000843824	0.000747026	0.00172521	-0.00828987	-0.0850155	0.142599	-0.240565	0.00474274	0.00617874	0.00790459	-0.00844802	0.00217906	-0.00210931	0.00450873	-0.00339882
TW_2019_TW_2019	TW_2019_TW_2019	2	41.6	0.126572	0.00557068	0.00694942	0.00431927	0.00482353	-0.00138947	0.00134773	-0.00382889	-0.0144202	-0.149684	0.264479	-0.471684	-0.00273508	0.00754234	0.00025745	-0.022476	0.0240843	0.00446796	0.00170945	-0.0131769
TW_202_TW_202	TW_202_TW_202	2	24	-0.0217644	0.00475927	-0.00119101	0.000837703	-0.00695123	0.0029842	0.00427364	-0.0115215	0.011729	-0.00243737	0.00354686	0.00936733	-0.00380531	-0.00835297	0.00625497	-0.00565209	-0.00707653	-0.00233912	-0.00944951	-0.0121895
TW_2020_TW_2020	TW_2020_TW_2020	2	41.6	0.126572	0.00557068	0.00694942	0.00431927	0.00482353	-0.00138947	0.00134773	-0.00382889	-0.0144202	-0.149684	0.264479	-0.471684	-0.00273508	0.00754234	0.00025745	-0.022476	0.0240843	0.00446796	0.00170945	-0.0131769
TW_2023_TW_2023	TW_2023_TW_2023	2	20.9	-0.0209727	-0.0062035	-0.0135092	-0.0029878	-0.00174099	-0.00279091	0.00550345	-0.0168292	0.0093266	-0.00592004	-0.0164332	0.0143224	-0.0205612	-0.0921227	-0.0233862	-0.0279236	0.0294302	0.0131451	0.0410279	0.0114091
TW_2024_TW_2024	TW_2024_TW_2024	2	20.9	-0.0209727	-0.0062035	-0.0135092	-0.0029878	-0.00174099	-0.00279091	0.00550345	-0.0168292	0.0093266	-0.00592004	-0.0164332	0.0143224	-0.0205612	-0.0921227	-0.0233862	-0.0279236	0.0294302	0.0131451	0.0410279	0.0114091
TW_2037_TW_2037	TW_2037_TW_2037	1	28.3	0.00634951	-0.0155592	-0.00944857	0.00521745	-0.00884728	0.00648223	0.0057911	-0.0294164	0.0199517	0.0122239	-0.26247	-0.121142	-0.125559	-0.0194492	-0.0571292	-0.257149	-0.0762329	-0.0935293	-0.260078	-0.0269553
TW_2038_TW_2038	TW_2038_TW_2038	1	28.3	0.00634951	-0.0155592	-0.00944857	0.00521745	-0.00884728	0.00648223	0.0057911	-0.0294164	0.0199517	0.0122239	-0.26247	-0.121142	-0.125559	-0.0194492	-0.0571292	-0.257149	-0.0762329	-0.0935293	-0.260078	-0.0269553
TW_2049_TW_2049	TW_2049_TW_2049	1	20.7	-0.0202574	-0.00700425	0.000450146	0.000411474	0.00135585	0.0136649	0.011271	-0.0166124	0.00870678	0.0026083	0.00256597	-0.00813297	-0.0206331	0.0628661	-0.049366	0.0185716	-0.0624673	-0.0306608	0.111262	-0.027193
TW_2050_TW_2050	TW_2050_TW_2050	1	20.7	-0.0202574	-0.00700425	0.000450146	0.000411474	0.00135585	0.0136649	0.011271	-0.0166124	0.00870678	0.0026083	0.00256597	-0.00813297	-0.0206331	0.0628661	-0.049366	0.0185716	-0.0624673	-0.0306608	0.111262	-0.027193
TW_2053_TW_2053	TW_2053_TW_2053	2	25.1	-0.0157073	-0.00266754	-0.0135886	0.00120733	-0.00488933	0.00434228	0.00546923	-0.0180525	0.00158917	-0.0157334	-0.00400911	-0.00176075	-0.0970749	0.0127459	-0.0355653	0.0339296	0.0176238	0.0445287	0.0282643	0.0709942
TW_2054_TW_2054	TW_2054_TW_2054	2	25.1	-0.0157073	-0.00266754	-0.0135886	0.00120733	-0.00488933	0.00434228	0.00546923	-0.0180525	0.00158917	-0.0157334	-0.00400911	-0.00176075	-0.0970749	0.0127459	-0.0355653	0.0339296	0.0176238	0.0445287	0.0282643	0.0709942
TW_2063_TW_2063	TW_2063_TW_2063	2	29.8	-0.0232402	0.010058	0.00321169	0.00444145	8.03E-05	0.0025454	0.00143892	-0.016621	0.0101585	0.00265127	0.0158727	0.0136136	0.0843322	0.0404812	0.00118948	-0.012262	-0.0290704	0.00919807	-0.064975	0.0101365
TW_2064_TW_2064	TW_2064_TW_2064	2	29.8	-0.0232402	0.010058	0.00321169	0.00444145	8.03E-05	0.0025454	0.00143892	-0.016621	0.0101585	0.00265127	0.0158727	0.0136136	0.0843322	0.0404812	0.00118948	-0.012262	-0.0290704	0.00919807	-0.064975	0.0101365
TW_2081_TW_2081	TW_2081_TW_2081	2	27.5	-0.0258476	0.12266	-0.129779	0.0571692	-0.17155	0.229287	0.173526	0.312659	-0.00290526	-0.00732315	-0.00503789	-0.00517738	0.0100129	-0.00327561	0.00295594	0.00207366	-0.00216908	0.00109075	-0.00219837	0.00739377
TW_2082_TW_2082	TW_2082_TW_2082	2	27.5	-0.0258476	0.12266	-0.129779	0.0571692	-0.17155	0.229287	0.173526	0.312659	-0.00290526	-0.00732315	-0.00503789	-0.00517738	0.0100129	-0.00327561	0.00295594	0.00207366	-0.00216908	0.00109075	-0.00219837	0.00739377
TW_2083_TW_2083	TW_2083_TW_2083	2	20.1	-0.0164409	0.00166914	-0.00115194	0.000495807	-0.00137746	0.00195954	0.00525123	-0.010172	-0.00127618	0.00122159	-0.00207457	-0.000311324	-0.0208586	-0.00668455	-0.00211097	-0.00272637	0.00159173	-0.0135972	-0.00103462	0.00987126
TW_2084_TW_2084	TW_2084_TW_2084	2	20.1	-0.0160526	0.00227607	-0.00262635	0.00016349	-0.00106084	0.00125166	-0.000755535	-0.0130976	0.00192556	0.00416545	0.000140182	-0.00529638	-0.0160071	-0.00792795	-0.00230308	-0.00906553	-0.000289275	-0.0135046	-0.000370586	0.00428702
TW_2091_TW_2091	TW_2091_TW_2091	1	21	0.113314	0.000610334	0.0068858	-0.00937002	0.0021315	0.000835041	0.000321442	0.00581788	0.00119181	-0.0539546	0.00266484	0.0796299	-0.0493179	0.203883	-0.0387286	-0.0229956	0.139941	0.0658048	-0.0149711	0.0416553
TW_2092_TW_2092	TW_2092_TW_2092	1	21	0.113314	0.000610334	0.0068858	-0.00937002	0.0021315	0.000835041	0.000321442	0.00581788	0.00119181	-0.0539546	0.00266484	0.0796299	-0.0493179	0.203883	-0.0387286	-0.0229956	0.139941	0.0658048	-0.0149711	0.0416553
TW_2101_TW_2101	TW_2101_TW_2101	2	20.8	-0.0165477	-0.0108584	-0.00713829	0.00484731	-0.0114228	0.00473645	-0.00146801	-0.012253	-0.0106024	0.0057898	0.00959565	0.00756931	-0.0906376	-0.043726	-0.0231533	0.00577755	-0.0215984	0.0113095	0.00347704	0.00553098
TW_2102_TW_2102	TW_2102_TW_2102	2	20.8	-0.0165477	-0.0108584	-0.00713829	0.00484731	-0.0114228	0.00473645	-0.00146801	-0.012253	-0.0106024	0.0057898	0.00959565	0.00756931	-0.0906376	-0.043726	-0.0231533	0.00577755	-0.0215984	0.0113095	0.00347704	0.00553098
TW_2105_TW_2105	TW_2105_TW_2105	1	43.3	0.0813489	-0.00480173	-0.00361401	0.0023619	-0.00330125	0.0017078	0.00473819	-0.00739223	0.0421346	0.00141499	-0.291319	-0.157367	0.12878	-0.0319967	-0.0465164	-0.0248833	-0.142989	-0.0191356	0.114559	-0.0722153
TW_2106_TW_2106	TW_2106_TW_2106	1	43.3	0.0813489	-0.00480173	-0.00361401	0.0023619	-0.00330125	0.0017078	0.00473819	-0.00739223	0.0421346	0.00141499	-0.291319	-0.157367	0.12878	-0.0319967	-0.0465164	-0.0248833	-0.142989	-0.0191356	0.114559	-0.0722153
TW_2111_TW_2111	TW_2111_TW_2111	1	19	-0.0206438	0.0113562	-0.0117493	-0.00211665	0.0052504	-0.00418519	0.00916833	-0.0113689	-0.00538046	0.00614735	0.000804372	0.0117296	0.0636766	-0.0331635	0.0031921	0.0457089	-0.0104066	0.0242835	0.0469726	0.0151281
TW_2112_TW_2112	TW_2112_TW_2112	1	19	-0.0206438	0.0113562	-0.0117493	-0.00211665	0.0052504	-0.00418519	0.00916833	-0.0113689	-0.00538046	0.00614735	0.000804372	0.0117296	0.0636766	-0.0331635	0.0031921	0.0457089	-0.0104066	0.0242835	0.0469726	0.0151281
TW_2147_TW_2147	TW_2147_TW_2147	2	19.8	-0.0144314	0.000705882	-0.000387225	0.00363157	-0.00322498	0.000354764	0.00559836	-0.00695716	-0.00742324	-0.00102798	0.00969079	0.00553143	0.00483935	-0.000281409	0.00899932	0.00420129	-0.00207715	-0.00865293	0.00575457	-0.00647506
TW_2151_TW_2151	TW_2151_TW_2151	2	49.9	-0.0222391	0.00892417	-0.00190934	0.00542518	0.00722282	8.37E-05	0.00540412	-0.0201441	-0.00686943	0.0120013	0.0100509	0.0112378	0.00724289	-0.00168743	-0.0111689	-0.0178895	0.0304534	-0.00617641	0.042748	0.0130742
TW_2152_TW_2152	TW_2152_TW_2152	2	49.9	-0.0222391	0.00892417	-0.00190934	0.00542518	0.00722282	8.37E-05	0.00540412	-0.0201441	-0.00686943	0.0120013	0.0100509	0.0112378	0.00724289	-0.00168743	-0.0111689	-0.0178895	0.0304534	-0.00617641	0.042748	0.0130742
TW_2173_TW_2173	TW_2173_TW_2173	2	32.3	-0.0210101	0.00648776	0.000953695	0.00376108	-0.00620943	-0.00389642	0.00256935	-0.00998675	-0.00211613	0.00301506	0.0217719	0.00799209	0.00661768	-0.0264781	0.0195353	0.0291295	-0.0930111	0.0397288	-0.00227684	-0.0843572
TW_2174_TW_2174	TW_2174_TW_2174	2	32.3	-0.0210101	0.00648776	0.000953695	0.00376108	-0.00620943	-0.00389642	0.00256935	-0.00998675	-0.00211613	0.00301506	0.0217719	0.00799209	0.00661768	-0.0264781	0.0195353	0.0291295	-0.0930111	0.0397288	-0.00227684	-0.0843572
TW_2189_TW_2189	TW_2189_TW_2189	1	28.9	-0.0216375	-0.000326149	-0.00648929	0.01128	0.00345847	0.00146688	0.00406673	-0.0153063	0.00847616	7.95E-05	-0.00315718	-0.00154625	0.00932174	-0.0322427	-0.0458013	-0.0157851	-0.0169914	0.0389976	0.0754297	0.0125002
TW_2190_TW_2190	TW_2190_TW_2190	1	28.9	-0.0216375	-0.000326149	-0.00648929	0.01128	0.00345847	0.00146688	0.00406673	-0.0153063	0.00847616	7.95E-05	-0.00315718	-0.00154625	0.00932174	-0.0322427	-0.0458013	-0.0157851	-0.0169914	0.0389976	0.0754297	0.0125002
TW_2191_TW_2191	TW_2191_TW_2191	2	28.2	-0.0185502	0.00436372	-0.00402164	0.0110473	-0.00644155	0.00103995	0.002227	-0.0174326	0.00213035	-0.0166655	0.0149531	-0.00718435	-0.0556834	-0.00131241	0.0266329	-0.0627244	0.0234318	-0.0439587	0.00641449	0.0476817
TW_2192_TW_2192	TW_2192_TW_2192	2	28.2	-0.0185502	0.00436372	-0.00402164	0.0110473	-0.00644155	0.00103995	0.002227	-0.0174326	0.00213035	-0.0166655	0.0149531	-0.00718435	-0.0556834	-0.00131241	0.0266329	-0.0627244	0.0234318	-0.0439587	0.00641449	0.0476817
TW_2193_TW_2193	TW_2193_TW_2193	2	40.1	-0.0200527	0.00204674	-0.00361745	-0.00828439	0.00130484	0.00508098	0.0018967	-0.0182135	0.0117935	0.00379544	0.000812352	0.00616251	0.00993472	0.0116289	0.0218049	0.000299857	0.00703776	-0.0320326	0.00516668	0.0352055
TW_2194_TW_2194	TW_2194_TW_2194	2	40.1	-0.0200527	0.00204674	-0.00361745	-0.00828439	0.00130484	0.00508098	0.0018967	-0.0182135	0.0117935	0.00379544	0.000812352	0.00616251	0.00993472	0.0116289	0.0218049	0.000299857	0.00703776	-0.0320326	0.00516668	0.0352055
TW_2195_TW_2195	TW_2195_TW_2195	2	60.2	-0.021636	0.00591324	0.000667703	0.00322609	0.00108816	0.00583172	0.00374974	-0.0212696	0.00354093	0.0049574	0.0169491	0.0251325	0.0397932	-0.0305554	0.00792364	0.0489243	-0.0283491	-0.00771294	-0.0604859	0.0328576
TW_2196_TW_2196	TW_2196_TW_2196	2	60.2	-0.021636	0.00591324	0.000667703	0.00322609	0.00108816	0.00583172	0.00374974	-0.0212696	0.00354093	0.0049574	0.0169491	0.0251325	0.0397932	-0.0305554	0.00792364	0.0489243	-0.0283491	-0.00771294	-0.0604859	0.0328576
TW_2197_TW_2197	TW_2197_TW_2197	1	22.3	-0.0194043	-0.00334394	-0.00998181	0.00398929	0.00222834	0.00405959	-0.00376421	-0.0101331	-0.0172461	-0.0024773	-0.0123353	-0.00586387	-0.0534292	-0.0205619	-0.0392285	0.0413476	-0.00952098	-0.0471803	-0.0187553	0.06632
TW_2198_TW_2198	TW_2198_TW_2198	1	22.3	-0.0194043	-0.00334394	-0.00998181	0.00398929	0.00222834	0.00405959	-0.00376421	-0.0101331	-0.0172461	-0.0024773	-0.0123353	-0.00586387	-0.0534292	-0.0205619	-0.0392285	0.0413476	-0.00952098	-0.0471803	-0.0187553	0.06632
TW_2199_TW_2199	TW_2199_TW_2199	1	25.4	-0.012676	-0.00949079	-0.00321605	0.00723205	4.01E-05	0.00966864	0.00324662	-0.0107829	-0.00227383	-0.00760331	-0.0287109	-0.00953667	-0.0812722	-0.0350751	0.0161243	-0.044293	0.0088135	-0.0689538	0.0331817	-0.0377779
TW_2200_TW_2200	TW_2200_TW_2200	1	25.4	-0.012676	-0.00949079	-0.00321605	0.00723205	4.01E-05	0.00966864	0.00324662	-0.0107829	-0.00227383	-0.00760331	-0.0287109	-0.00953667	-0.0812722	-0.0350751	0.0161243	-0.044293	0.0088135	-0.0689538	0.0331817	-0.0377779
TW_2201_TW_2201	TW_2201_TW_2201	1	25.5	-0.0125511	0.00150534	-0.0084178	0.0049367	-0.00193376	-0.00560295	0.00717801	-0.00990351	0.00848197	-0.0094258	-0.00842906	0.00723306	-0.108837	0.113273	-0.0854734	0.105365	0.00831515	-0.00880167	-0.0196831	0.00948123
TW_2202_TW_2202	TW_2202_TW_2202	1	25.5	-0.0125511	0.00150534	-0.0084178	0.0049367	-0.00193376	-0.00560295	0.00717801	-0.00990351	0.00848197	-0.0094258	-0.00842906	0.00723306	-0.108837	0.113273	-0.0854734	0.105365	0.00831515	-0.00880167	-0.0196831	0.00948123
TW_2203_TW_2203	TW_2203_TW_2203	1	20.2	-0.021614	0.00430218	-0.00705093	-0.00185584	0.00120983	0.00221205	-0.00174976	-0.0161418	0.00785193	-0.00118828	-0.00246027	0.0165057	0.0187299	-0.00563281	-0.0234249	0.00785485	0.00483173	-0.000303479	0.0200434	0.0447649
TW_2204_TW_2204	TW_2204_TW_2204	1	20.2	-0.021614	0.00430218	-0.00705093	-0.00185584	0.00120983	0.00221205	-0.00174976	-0.0161418	0.00785193	-0.00118828	-0.00246027	0.0165057	0.0187299	-0.00563281	-0.0234249	0.00785485	0.00483173	-0.000303479	0.0200434	0.0447649
TW_2205_TW_2205	TW_2205_TW_2205	2	24.2	-0.0119859	-0.452762	-0.12222	0.00602882	0.0106381	-0.0185144	-0.0258956	0.149303	0.00170293	-0.00382715	0.0156021	0.00431897	0.0401335	0.00293281	0.012265	-0.00554916	0.00398694	0.00601198	-0.0101694	-0.00670227
TW_2206_TW_2206	TW_2206_TW_2206	2	24.2	-0.0119859	-0.452762	-0.12222	0.00602882	0.0106381	-0.0185144	-0.0258956	0.149303	0.00170293	-0.00382715	0.0156021	0.00431897	0.0401335	0.00293281	0.012265	-0.00554916	0.00398694	0.00601198	-0.0101694	-0.00670227
TW_2207_TW_2207	TW_2207_TW_2207	2	20.9	-0.0179612	-0.00313152	-0.00344564	0.00657189	-0.000347668	0.0049135	-0.000498267	-0.0211881	0.0239641	0.00361011	-0.0206333	-0.00711463	-0.0342264	0.0395727	-0.00824085	-0.0321449	0.0327473	0.0118943	0.0247673	-0.00958309
TW_2208_TW_2208	TW_2208_TW_2208	2	20.9	-0.0179612	-0.00313152	-0.00344564	0.00657189	-0.000347668	0.0049135	-0.000498267	-0.0211881	0.0239641	0.00361011	-0.0206333	-0.00711463	-0.0342264	0.0395727	-0.00824085	-0.0321449	0.0327473	0.0118943	0.0247673	-0.00958309
TW_2209_TW_2209	TW_2209_TW_2209	2	54.2	-0.0192572	0.0083125	-0.00329982	0.00678273	0.00519331	0.010173	0.0044658	-0.0129221	0.00747317	0.0155837	-0.00249739	0.00192399	-0.00527012	-0.00854852	0.0126514	-0.043337	0.0685842	0.0176737	0.022898	-0.100196
TW_2210_TW_2210	TW_2210_TW_2210	2	54.2	-0.0192572	0.0083125	-0.00329982	0.00678273	0.00519331	0.010173	0.0044658	-0.0129221	0.00747317	0.0155837	-0.00249739	0.00192399	-0.00527012	-0.00854852	0.0126514	-0.043337	0.0685842	0.0176737	0.022898	-0.100196
TW_2211_TW_2211	TW_2211_TW_2211	2	19	-0.0232238	0.00252013	-0.00209884	0.000458657	0.00550929	-0.003181	-0.00537515	-0.0145964	0.00300449	-0.0113095	0.0261126	0.0003645	0.0240105	0.0249199	0.00566469	0.0255198	-0.0301453	-0.0375859	-0.112047	0.0590442
TW_2212_TW_2212	TW_2212_TW_2212	2	19	-0.0232238	0.00252013	-0.00209884	0.000458657	0.00550929	-0.003181	-0.00537515	-0.0145964	0.00300449	-0.0113095	0.0261126	0.0003645	0.0240105	0.0249199	0.00566469	0.0255198	-0.0301453	-0.0375859	-0.112047	0.0590442
TW_2213_TW_2213	TW_2213_TW_2213	2	20.9	-0.0215297	0.00028206	0.00100872	0.00624819	-0.000194295	-0.00244035	0.00665906	-0.0229786	0.00599538	0.00150507	0.00893136	0.0104158	0.0616511	-0.0504765	-0.0346522	-0.0508449	-0.0056064	0.0623909	0.0430088	-0.0279923
TW_2214_TW_2214	TW_2214_TW_2214	2	20.9	-0.0215297	0.00028206	0.00100872	0.00624819	-0.000194295	-0.00244035	0.00665906	-0.0229786	0.00599538	0.00150507	0.00893136	0.0104158	0.0616511	-0.0504765	-0.0346522	-0.0508449	-0.0056064	0.0623909	0.0430088	-0.0279923
TW_2215_TW_2215	TW_2215_TW_2215	2	54.8	0.118948	0.00337544	-0.00320805	-6.24E-05	-0.00102844	0.00221958	-0.00437332	0.00134715	-0.0112864	-0.0441708	0.0145069	0.0370901	0.00195306	-0.193971	-0.247966	0.0211814	0.0367014	0.174384	-0.159156	0.00727445
TW_2216_TW_2216	TW_2216_TW_2216	2	54.8	0.118948	0.00337544	-0.00320805	-6.24E-05	-0.00102844	0.00221958	-0.00437332	0.00134715	-0.0112864	-0.0441708	0.0145069	0.0370901	0.00195306	-0.193971	-0.247966	0.0211814	0.0367014	0.174384	-0.159156	0.00727445
TW_2217_TW_2217	TW_2217_TW_2217	1	55	0.138362	0.00177581	-0.00476872	-0.00256331	-0.01043	0.000719918	0.00223019	0.00519683	0.0498329	0.534411	0.0848202	-0.0670259	-0.0206879	-0.00181572	-0.0159493	0.00444609	0.00655303	-0.00436094	-0.0123104	0.00422847
TW_2218_TW_2218	TW_2218_TW_2218	1	55	0.138362	0.00177581	-0.00476872	-0.00256331	-0.01043	0.000719918	0.00223019	0.00519683	0.0498329	0.534411	0.0848202	-0.0670259	-0.0206879	-0.00181572	-0.0159493	0.00444609	0.00655303	-0.00436094	-0.0123104	0.00422847
TW_2219_TW_2219	TW_2219_TW_2219	2	48.3	-0.0111523	-0.0133732	-0.00595438	-0.00194637	0.00512224	0.00732641	0.00385482	-0.00829457	-0.00713885	0.00443771	-0.00227085	-0.0230907	-0.128092	-0.033705	-0.0281525	0.0775162	0.00868677	-0.00269089	0.0697057	0.0784563
TW_2220_TW_2220	TW_2220_TW_2220	2	48.3	-0.0111523	-0.0133732	-0.00595438	-0.00194637	0.00512224	0.00732641	0.00385482	-0.00829457	-0.00713885	0.00443771	-0.00227085	-0.0230907	-0.128092	-0.033705	-0.0281525	0.0775162	0.00868677	-0.00269089	0.0697057	0.0784563
TW_2221_TW_2221	TW_2221_TW_2221	1	38.1	0.138226	0.00557435	-0.00113274	0.000770216	-0.00405544	0.00228741	0.00247797	-0.00218689	-0.00703643	-0.0171295	-0.00868623	0.0583692	0.0236606	0.0281555	0.0566509	-0.0238242	-0.00443761	-0.146892	0.0930134	-0.0273843
TW_2222_TW_2222	TW_2222_TW_2222	1	38.1	0.138226	0.00557435	-0.00113274	0.000770216	-0.00405544	0.00228741	0.00247797	-0.00218689	-0.00703643	-0.0171295	-0.00868623	0.0583692	0.0236606	0.0281555	0.0566509	-0.0238242	-0.00443761	-0.146892	0.0930134	-0.0273843
TW_2223_TW_2223	TW_2223_TW_2223	2	18.1	-0.0188135	-0.0116584	-0.00449883	0.000608377	-0.00599259	0.0119736	0.00291527	-0.0194962	-0.00414353	-0.00960613	0.000573819	0.0229124	-0.0103792	0.021435	0.0369604	0.00277555	0.0315695	-0.0496709	-0.0136973	0.0174238
TW_2224_TW_2224	TW_2224_TW_2224	2	18.1	-0.0188135	-0.0116584	-0.00449883	0.000608377	-0.00599259	0.0119736	0.00291527	-0.0194962	-0.00414353	-0.00960613	0.000573819	0.0229124	-0.0103792	0.021435	0.0369604	0.00277555	0.0315695	-0.0496709	-0.0136973	0.0174238
TW_2225_TW_2225	TW_2225_TW_2225	2	67.1	-0.0159407	-0.00338775	-0.00209743	0.00471242	-0.00329434	0.0105948	-0.00335687	-0.0108092	0.0187452	-0.00474201	-0.00310258	-0.0107052	-0.0935151	0.0303939	0.000184467	0.0259118	-0.0653852	-0.0347735	-0.00084364	-0.00310084
TW_2226_TW_2226	TW_2226_TW_2226	2	67.1	-0.0159407	-0.00338775	-0.00209743	0.00471242	-0.00329434	0.0105948	-0.00335687	-0.0108092	0.0187452	-0.00474201	-0.00310258	-0.0107052	-0.0935151	0.0303939	0.000184467	0.0259118	-0.0653852	-0.0347735	-0.00084364	-0.00310084
TW_2227_TW_2227	TW_2227_TW_2227	1	25.9	-0.0164584	-0.00190058	0.00326894	0.00804573	0.000789078	0.00556672	0.00675607	-0.0178162	0.0141738	-0.00223748	0.00936691	-0.0211521	-0.0506964	0.00293211	0.0233204	-0.0545021	0.0451303	-0.0051831	-0.0287478	-0.00304808
TW_2228_TW_2228	TW_2228_TW_2228	1	25.9	-0.0164584	-0.00190058	0.00326894	0.00804573	0.000789078	0.00556672	0.00675607	-0.0178162	0.0141738	-0.00223748	0.00936691	-0.0211521	-0.0506964	0.00293211	0.0233204	-0.0545021	0.0451303	-0.0051831	-0.0287478	-0.00304808
TW_2229_TW_2229	TW_2229_TW_2229	2	64.6	-0.0216997	0.00771038	-0.0056846	0.00677927	-0.00663033	0.00217117	0.00346161	-0.019714	0.0166613	0.00529254	0.0243335	0.00837903	0.0190512	-0.0412321	-0.0100623	-0.014859	0.0131074	0.0280503	-0.00920665	0.0233973
TW_2230_TW_2230	TW_2230_TW_2230	2	64.6	-0.0216997	0.00771038	-0.0056846	0.00677927	-0.00663033	0.00217117	0.00346161	-0.019714	0.0166613	0.00529254	0.0243335	0.00837903	0.0190512	-0.0412321	-0.0100623	-0.014859	0.0131074	0.0280503	-0.00920665	0.0233973
TW_2231_TW_2231	TW_2231_TW_2231	2	23.8	-0.00835589	0.012249	0.0020494	0.00200383	0.000445011	0.00368906	0.00187771	-0.0161535	0.00530885	0.0103852	-0.136011	-0.0635448	0.125093	0.119529	-0.0066618	0.0355168	-0.00210633	-0.0278094	-0.110375	-0.0971894
TW_2232_TW_2232	TW_2232_TW_2232	2	23.8	-0.00835589	0.012249	0.0020494	0.00200383	0.000445011	0.00368906	0.00187771	-0.0161535	0.00530885	0.0103852	-0.136011	-0.0635448	0.125093	0.119529	-0.0066618	0.0355168	-0.00210633	-0.0278094	-0.110375	-0.0971894
TW_2233_TW_2233	TW_2233_TW_2233	2	22.9	0.00401034	-0.00551024	-0.00653131	-0.0036235	-0.0037297	0.00853542	0.00244568	-0.0337584	0.0247876	0.00839667	-0.266446	-0.139277	0.078203	0.00817753	0.0385079	0.0329826	0.0140625	-0.00240728	0.0579805	-0.0400717
TW_2234_TW_2234	TW_2234_TW_2234	2	22.9	0.00401034	-0.00551024	-0.00653131	-0.0036235	-0.0037297	0.00853542	0.00244568	-0.0337584	0.0247876	0.00839667	-0.266446	-0.139277	0.078203	0.00817753	0.0385079	0.0329826	0.0140625	-0.00240728	0.0579805	-0.0400717
TW_2235_TW_2235	TW_2235_TW_2235	2	29.1	-0.0166964	0.00162114	-0.00819432	-0.00741916	-0.0030042	-0.00134441	0.00374498	-0.0189441	0.000650475	0.0112184	0.029914	0.0203471	0.0190474	-0.0548013	-0.00464825	-0.0032703	-0.0459584	0.0660326	0.0654955	-0.0255932
TW_2236_TW_2236	TW_2236_TW_2236	2	29.1	-0.0166964	0.00162114	-0.00819432	-0.00741916	-0.0030042	-0.00134441	0.00374498	-0.0189441	0.000650475	0.0112184	0.029914	0.0203471	0.0190474	-0.0548013	-0.00464825	-0.0032703	-0.0459584	0.0660326	0.0654955	-0.0255932
TW_2237_TW_2237	TW_2237_TW_2237	2	33.2	-0.0196604	0.0036036	-0.00757744	0.00554855	0.00170044	0.00309576	-0.00581733	-0.013047	0.0127449	0.00156684	0.00475973	0.000302225	0.00335307	0.000928288	0.000509144	-0.0141957	0.0156775	0.00849013	-0.00127822	0.00423516
TW_2238_TW_2238	TW_2238_TW_2238	2	33.2	-0.0199087	-0.00144965	-0.00640287	0.00423555	0.0015212	-0.00166086	-0.0021013	-0.0133555	0.0108964	0.0010532	0.00510216	-0.00793843	0.0034873	0.00387287	0.00117791	-0.0165959	0.0147476	0.00756972	-0.00363689	0.00511957
TW_2241_TW_2241	TW_2241_TW_2241	2	54.9	-0.0177666	-0.00412784	-0.00534707	0.00297046	-0.00258548	0.00899842	0.00122884	-0.0110737	0.00572615	-0.000944124	0.00582836	0.00876024	-0.0630282	0.0420077	0.0551106	-0.0968402	0.00501035	-0.0531246	0.0411548	-0.0496772
TW_2242_TW_2242	TW_2242_TW_2242	2	54.9	-0.0177666	-0.00412784	-0.00534707	0.00297046	-0.00258548	0.00899842	0.00122884	-0.0110737	0.00572615	-0.000944124	0.00582836	0.00876024	-0.0630282	0.0420077	0.0551106	-0.0968402	0.00501035	-0.0531246	0.0411548	-0.0496772
TW_2243_TW_2243	TW_2243_TW_2243	2	19.7	-0.0221056	0.00396236	-0.00174705	0.00817937	-0.00310434	0.0117556	0.00214975	-0.0160052	-0.00534741	0.0139853	0.0260879	0.00643112	0.02846	0.0803758	-0.0482754	-0.0246181	0.0331773	0.0467077	0.0420325	-0.0395711
TW_2244_TW_2244	TW_2244_TW_2244	2	19.7	-0.0221056	0.00396236	-0.00174705	0.00817937	-0.00310434	0.0117556	0.00214975	-0.0160052	-0.00534741	0.0139853	0.0260879	0.00643112	0.02846	0.0803758	-0.0482754	-0.0246181	0.0331773	0.0467077	0.0420325	-0.0395711
TW_2245_TW_2245	TW_2245_TW_2245	2	57.5	-0.0225548	0.00555894	-0.00767712	0.000466305	-0.0048555	-0.00251122	0.00652621	-0.0163742	0.00265979	-0.00110341	0.0102696	-0.00145242	0.0107799	-0.0298573	0.0413219	-0.0421906	0.0206444	0.0636013	-0.011401	0.0312095
TW_2246_TW_2246	TW_2246_TW_2246	2	57.5	-0.0225548	0.00555894	-0.00767712	0.000466305	-0.0048555	-0.00251122	0.00652621	-0.0163742	0.00265979	-0.00110341	0.0102696	-0.00145242	0.0107799	-0.0298573	0.0413219	-0.0421906	0.0206444	0.0636013	-0.011401	0.0312095
TW_2247_TW_2247	TW_2247_TW_2247	1	61.6	-0.0210854	0.00425969	-0.00278584	-0.00354636	0.00261887	-0.0108521	-0.00669186	-0.0181388	0.0070506	0.00371934	0.0324845	-0.000987256	0.0283893	-0.0559032	-0.00406233	0.0566623	-0.0509975	0.0595455	-0.0213314	0.0534983
TW_2248_TW_2248	TW_2248_TW_2248	1	61.6	-0.0210854	0.00425969	-0.00278584	-0.00354636	0.00261887	-0.0108521	-0.00669186	-0.0181388	0.0070506	0.00371934	0.0324845	-0.000987256	0.0283893	-0.0559032	-0.00406233	0.0566623	-0.0509975	0.0595455	-0.0213314	0.0534983
TW_2249_TW_2249	TW_2249_TW_2249	1	35	-0.0232731	0.0020626	-0.00589032	-0.0107743	0.00243237	-0.00593133	-0.00219654	-0.0103374	0.011157	-0.00600148	-0.0074612	0.00716532	-0.032304	-0.0536035	-0.00228999	-0.0154322	0.0272659	0.032491	-0.0433027	-0.0446257
TW_2250_TW_2250	TW_2250_TW_2250	1	35	-0.0232731	0.0020626	-0.00589032	-0.0107743	0.00243237	-0.00593133	-0.00219654	-0.0103374	0.011157	-0.00600148	-0.0074612	0.00716532	-0.032304	-0.0536035	-0.00228999	-0.0154322	0.0272659	0.032491	-0.0433027	-0.0446257
TW_2251_TW_2251	TW_2251_TW_2251	1	23.2	-0.0209752	-0.00645251	-0.00699165	0.0033735	-0.00671212	0.00237508	0.000575393	-0.021882	-0.00437723	-0.000524689	0.0148227	0.0198775	0.00212658	-0.0193108	-0.00124828	0.0355331	-0.0242408	-0.0226853	0.0344878	-0.0379638
TW_2252_TW_2252	TW_2252_TW_2252	1	23.2	-0.0209752	-0.00645251	-0.00699165	0.0033735	-0.00671212	0.00237508	0.000575393	-0.021882	-0.00437723	-0.000524689	0.0148227	0.0198775	0.00212658	-0.0193108	-0.00124828	0.0355331	-0.0242408	-0.0226853	0.0344878	-0.0379638
TW_2253_TW_2253	TW_2253_TW_2253	2	60.8	-0.0210971	0.00164878	-0.00184267	0.00334571	-0.00211957	0.00263452	-0.000315405	-0.0102166	0.00215939	-0.00881601	0.0127202	0.010963	0.0361906	-0.0400447	0.0119537	0.102916	0.00591186	-0.0163661	-0.0810432	0.0214578
TW_2254_TW_2254	TW_2254_TW_2254	2	60.8	-0.0210971	0.00164878	-0.00184267	0.00334571	-0.00211957	0.00263452	-0.000315405	-0.0102166	0.00215939	-0.00881601	0.0127202	0.010963	0.0361906	-0.0400447	0.0119537	0.102916	0.00591186	-0.0163661	-0.0810432	0.0214578
TW_2255_TW_2255	TW_2255_TW_2255	2	33.6	-0.0225119	0.00316669	0.00389966	-0.000928344	-0.0123334	0.00195543	0.00199906	-0.0104673	-0.00796076	0.00840941	0.0273148	0.0237318	0.0125715	0.0369933	-0.0281693	0.00548073	0.0467472	0.0167267	-0.0143749	0.0116026
TW_2256_TW_2256	TW_2256_TW_2256	2	33.6	-0.0225119	0.00316669	0.00389966	-0.000928344	-0.0123334	0.00195543	0.00199906	-0.0104673	-0.00796076	0.00840941	0.0273148	0.0237318	0.0125715	0.0369933	-0.0281693	0.00548073	0.0467472	0.0167267	-0.0143749	0.0116026
TW_2257_TW_2257	TW_2257_TW_2257	1	19.7	0.130374	0.00230723	-0.00703036	0.00191904	-0.00601546	0.00151391	-0.000948387	0.00605842	0.0381451	0.374246	0.0570024	-0.0389625	-0.0134811	0.00836462	0.00282846	0.00153818	0.0054715	-0.00439546	-0.00494247	0.0119125
TW_2258_TW_2258	TW_2258_TW_2258	1	19.7	0.128671	0.00254202	-0.00368987	0.00113985	-0.00991653	0.000763252	0.00114757	0.00503654	0.0336116	0.375	0.0543411	-0.0422379	-0.0111294	0.00567035	-0.00470831	0.0067592	0.010438	-0.00158946	-0.00418198	0.00502404
TW_2259_TW_2259	TW_2259_TW_2259	1	20.5	-0.0214744	0.00188179	0.00195735	0.00635196	-0.00165533	0.00344601	-0.00223132	-0.0204868	0.00497191	-0.0128588	0.0192738	0.0164301	-0.0432006	0.0734146	-0.00631671	-0.000829025	-0.0188772	-0.0291724	0.0473291	0.0220663
TW_2260_TW_2260	TW_2260_TW_2260	1	20.5	-0.0214744	0.00188179	0.00195735	0.00635196	-0.00165533	0.00344601	-0.00223132	-0.0204868	0.00497191	-0.0128588	0.0192738	0.0164301	-0.0432006	0.0734146	-0.00631671	-0.000829025	-0.0188772	-0.0291724	0.0473291	0.0220663
TW_2261_TW_2261	TW_2261_TW_2261	2	66.9	-0.0216861	0.00412786	-0.00436665	-0.00325831	0.00263111	0.005217	-0.00327866	-0.0168017	0.00962415	0.00118143	0.0142065	0.00954436	0.0228736	-0.0136249	0.0770849	0.00116588	-0.000661965	-0.0176136	-0.0161929	-0.0195097
TW_2262_TW_2262	TW_2262_TW_2262	2	66.9	-0.0216861	0.00412786	-0.00436665	-0.00325831	0.00263111	0.005217	-0.00327866	-0.0168017	0.00962415	0.00118143	0.0142065	0.00954436	0.0228736	-0.0136249	0.0770849	0.00116588	-0.000661965	-0.0176136	-0.0161929	-0.0195097
TW_2263_TW_2263	TW_2263_TW_2263	1	66	-0.0192479	0.00481889	0.00538552	-0.00398666	0.00893756	0.00244582	0.00709026	-0.0237758	0.00557608	0.00865667	-0.0157101	0.016974	0.0665758	-0.0496489	-0.050772	-0.0158948	0.0199446	0.0129887	-0.0450561	0.0681907
TW_2264_TW_2264	TW_2264_TW_2264	1	66	-0.0192479	0.00481889	0.00538552	-0.00398666	0.00893756	0.00244582	0.00709026	-0.0237758	0.00557608	0.00865667	-0.0157101	0.016974	0.0665758	-0.0496489	-0.050772	-0.0158948	0.0199446	0.0129887	-0.0450561	0.0681907
TW_2265_TW_2265	TW_2265_TW_2265	2	47.2	-0.020476	0.00118418	-0.0108922	0.00016405	-0.0019013	-0.00283278	-0.000674727	-0.0189629	0.0122509	-0.00888825	0.00667118	0.0121528	0.0338728	-0.0113274	0.00164857	0.0233144	-0.0486736	-0.0094901	-0.062401	-0.0475858
TW_2266_TW_2266	TW_2266_TW_2266	2	47.2	-0.020476	0.00118418	-0.0108922	0.00016405	-0.0019013	-0.00283278	-0.000674727	-0.0189629	0.0122509	-0.00888825	0.00667118	0.0121528	0.0338728	-0.0113274	0.00164857	0.0233144	-0.0486736	-0.0094901	-0.062401	-0.0475858
TW_2267_TW_2267	TW_2267_TW_2267	2	55.3	0.146497	0.00344711	0.00640964	-0.00092904	0.000254449	-0.000288031	-0.000640169	0.00287498	0.00175499	-0.0451294	-0.0217185	0.0735854	0.0177482	-0.0569025	-0.00133553	-0.0309888	0.0367262	-0.0528102	0.0990576	0.165868
TW_2268_TW_2268	TW_2268_TW_2268	2	55.3	0.146497	0.00344711	0.00640964	-0.00092904	0.000254449	-0.000288031	-0.000640169	0.00287498	0.00175499	-0.0451294	-0.0217185	0.0735854	0.0177482	-0.0569025	-0.00133553	-0.0309888	0.0367262	-0.0528102	0.0990576	0.165868
TW_2269_TW_2269	TW_2269_TW_2269	2	28.8	0.000988678	-0.00734552	-0.00843345	0.0039348	-0.0112946	-0.00298761	-0.00397084	-0.0261345	0.0442318	0.0220508	-0.273457	-0.181258	0.0992538	0.00672961	-0.0178445	0.122514	0.0996301	0.126411	0.0869864	0.164013
TW_2270_TW_2270	TW_2270_TW_2270	2	28.8	0.000988678	-0.00734552	-0.00843345	0.0039348	-0.0112946	-0.00298761	-0.00397084	-0.0261345	0.0442318	0.0220508	-0.273457	-0.181258	0.0992538	0.00672961	-0.0178445	0.122514	0.0996301	0.126411	0.0869864	0.164013
TW_2271_TW_2271	TW_2271_TW_2271	2	31.2	-0.0197632	0.00237774	0.000722075	0.00366613	-0.00717049	4.83E-05	0.000934408	-0.0149697	0.00980805	-0.0214647	0.0162733	-0.00896896	0.00452664	-0.0369748	0.022945	-0.0433729	-0.0187337	-0.0241092	0.00044195	-0.0576311
TW_2272_TW_2272	TW_2272_TW_2272	2	31.2	-0.0197632	0.00237774	0.000722075	0.00366613	-0.00717049	4.83E-05	0.000934408	-0.0149697	0.00980805	-0.0214647	0.0162733	-0.00896896	0.00452664	-0.0369748	0.022945	-0.0433729	-0.0187337	-0.0241092	0.00044195	-0.0576311
TW_2273_TW_2273	TW_2273_TW_2273	2	43.7	-0.0218738	0.00506014	-0.00863494	0.00755943	-0.000883977	0.00304225	-0.00382667	-0.00641892	-0.00537947	0.00649437	0.0158596	0.00905604	0.043476	0.064165	0.0277842	0.00282045	0.0256093	-0.048488	-0.0158473	-0.00178505
TW_2274_TW_2274	TW_2274_TW_2274	2	43.7	-0.0218738	0.00506014	-0.00863494	0.00755943	-0.000883977	0.00304225	-0.00382667	-0.00641892	-0.00537947	0.00649437	0.0158596	0.00905604	0.043476	0.064165	0.0277842	0.00282045	0.0256093	-0.048488	-0.0158473	-0.00178505
TW_2275_TW_2275	TW_2275_TW_2275	2	60.9	0.152076	0.00464164	0.00280777	0.00545158	-0.00212517	-0.00435178	-0.0059356	0.0139851	-0.0174999	-0.0461715	-0.00176034	0.045404	0.0349917	0.0670279	0.0123905	-0.00819404	0.000781394	-0.191209	-0.00339454	-0.0493229
TW_2276_TW_2276	TW_2276_TW_2276	2	60.9	0.152076	0.00464164	0.00280777	0.00545158	-0.00212517	-0.00435178	-0.0059356	0.0139851	-0.0174999	-0.0461715	-0.00176034	0.045404	0.0349917	0.0670279	0.0123905	-0.00819404	0.000781394	-0.191209	-0.00339454	-0.0493229
TW_2277_TW_2277	TW_2277_TW_2277	2	20.1	-0.0182006	0.00869207	0.00137552	0.00429321	-0.000373231	0.000798146	-0.00329879	-0.0105568	0.00370035	-0.00374431	0.00755799	0.00451882	-0.0140717	-0.00149976	-0.00612596	-0.000200326	0.0020391	-0.00401968	0.000294777	-0.0107943
TW_2278_TW_2278	TW_2278_TW_2278	2	20.1	-0.0176466	0.00901728	0.0028532	0.000959223	-0.00192468	0.000121565	-0.0013179	-0.0188387	0.00471079	-0.00527391	0.00829154	0.00339548	-0.00907463	-0.00723679	-0.00235154	-0.00134787	-0.0019679	-0.00753321	0.00199507	-0.0137211
TW_2279_TW_2279	TW_2279_TW_2279	2	27.7	-0.0211972	0.00409739	0.000746246	0.00617509	-0.00832839	0.00557335	0.00252719	-0.0146656	0.00617749	-0.000652265	0.00336795	0.00609978	0.000483139	0.00618032	0.00173284	-0.0279469	0.0165524	0.00665566	0.00208062	0.00348881
TW_2280_TW_2280	TW_2280_TW_2280	1	27.7	-0.0211366	0.00362767	0.00485707	0.00368333	-0.00692712	0.0050921	0.00468307	-0.0134679	0.0101248	-0.0024023	0.0128705	0.00832015	0.00879245	0.00356485	-0.000317167	-0.0229145	0.0115557	0.00702623	-0.00420565	0.00231091
TW_2281_TW_2281	TW_2281_TW_2281	1	70.4	-0.0215987	0.0105853	-0.00113971	-0.00385018	-0.00278309	0.00472724	0.00639575	-0.0296266	0.00362661	-0.0124528	0.0157304	0.011339	0.00971771	0.0181148	-0.0268666	0.0204606	0.0579355	0.060393	-0.0425388	0.000571703
TW_2282_TW_2282	TW_2282_TW_2282	1	70.4	-0.0215987	0.0105853	-0.00113971	-0.00385018	-0.00278309	0.00472724	0.00639575	-0.0296266	0.00362661	-0.0124528	0.0157304	0.011339	0.00971771	0.0181148	-0.0268666	0.0204606	0.0579355	0.060393	-0.0425388	0.000571703
TW_2283_TW_2283	TW_2283_TW_2283	1	20.3	-0.0174735	0.0019694	-0.00601145	-0.000420337	-0.00490276	-0.0012557	0.00523909	-0.0138457	0.0104275	-0.00135819	0.0147922	-0.0174537	-0.0137756	-0.0103226	-0.00873269	0.032077	0.00179217	-0.030096	-0.0466328	0.00623723
TW_2284_TW_2284	TW_2284_TW_2284	1	20.3	-0.0174735	0.0019694	-0.00601145	-0.000420337	-0.00490276	-0.0012557	0.00523909	-0.0138457	0.0104275	-0.00135819	0.0147922	-0.0174537	-0.0137756	-0.0103226	-0.00873269	0.032077	0.00179217	-0.030096	-0.0466328	0.00623723
TW_2285_TW_2285	TW_2285_TW_2285	2	54.4	-0.0218029	0.00244332	9.11E-05	0.00648174	0.00469152	0.00254104	0.00457339	-0.0166178	0.0217944	-0.0016205	0.0166606	0.0192867	0.0325926	-0.019414	0.0957733	0.0275706	-0.0353892	0.0301523	0.0128878	-0.010868
TW_2286_TW_2286	TW_2286_TW_2286	2	54.4	-0.0218029	0.00244332	9.11E-05	0.00648174	0.00469152	0.00254104	0.00457339	-0.0166178	0.0217944	-0.0016205	0.0166606	0.0192867	0.0325926	-0.019414	0.0957733	0.0275706	-0.0353892	0.0301523	0.0128878	-0.010868
TW_2287_TW_2287	TW_2287_TW_2287	1	28.5	0.126391	0.00608305	-0.000790658	0.00137589	0.000914399	-0.00441181	-0.0038579	0.00672159	-0.000289734	-0.0166004	-0.0271924	0.0225292	0.0139902	-0.0881691	0.149279	0.111917	0.000666099	-0.134994	0.0580886	-0.0644327
TW_2288_TW_2288	TW_2288_TW_2288	1	28.5	0.126391	0.00608305	-0.000790658	0.00137589	0.000914399	-0.00441181	-0.0038579	0.00672159	-0.000289734	-0.0166004	-0.0271924	0.0225292	0.0139902	-0.0881691	0.149279	0.111917	0.000666099	-0.134994	0.0580886	-0.0644327
TW_2289_TW_2289	TW_2289_TW_2289	1	18.2	-0.0200073	0.000594266	-0.00303379	-0.0041616	0.000487743	0.00272785	0.0138634	-0.0149723	0.0023177	0.00846617	0.00908036	0.00496338	0.0420561	0.133751	-0.0430282	0.116076	0.00708261	-0.0156692	0.0645206	-0.125418
TW_2290_TW_2290	TW_2290_TW_2290	1	18.2	-0.0200073	0.000594266	-0.00303379	-0.0041616	0.000487743	0.00272785	0.0138634	-0.0149723	0.0023177	0.00846617	0.00908036	0.00496338	0.0420561	0.133751	-0.0430282	0.116076	0.00708261	-0.0156692	0.0645206	-0.125418
TW_2291_TW_2291	TW_2291_TW_2291	1	26	-0.0175774	0.004911	-0.00658233	-0.00112683	0.00160404	0.00285371	0.00325109	-0.0133151	0.0115381	-0.005411	-0.00685287	-0.00149712	0.00391781	-0.0182232	0.0115557	-0.0124858	-1.68E-05	0.00613914	-0.0109455	-0.0103506
TW_2292_TW_2292	TW_2292_TW_2292	2	26	-0.0145506	0.0031419	-0.00618121	-0.00112451	-0.00322074	-0.000829462	0.00165066	-0.0139541	0.0119787	-0.00180945	-0.0137817	-0.001962	0.00792927	-0.0110888	0.0116017	-0.0155301	0.00165622	0.00218012	-0.00834789	-0.0106047
TW_2293_TW_2293	TW_2293_TW_2293	2	55.6	-0.0223872	0.0150832	0.00353205	0.00675031	0.00668239	0.00935004	-0.00281428	-0.013629	-0.00403957	-0.0142889	0.0157521	-0.00822772	0.03321	-0.0113949	0.00288121	0.0342853	-0.0848756	-0.0331635	-0.0586784	0.000195959
TW_2294_TW_2294	TW_2294_TW_2294	2	55.6	-0.0223872	0.0150832	0.00353205	0.00675031	0.00668239	0.00935004	-0.00281428	-0.013629	-0.00403957	-0.0142889	0.0157521	-0.00822772	0.03321	-0.0113949	0.00288121	0.0342853	-0.0848756	-0.0331635	-0.0586784	0.000195959
TW_2295_TW_2295	TW_2295_TW_2295	1	18.4	-0.0161754	-4.55E-05	-0.00232632	0.00966007	-0.0019634	0.00673492	0.000977906	-0.0147987	-0.00178907	-0.000813201	0.00270629	0.0021247	-0.0194964	0.000493064	-0.00938345	0.0126589	-0.00591995	-0.00238686	-0.000886078	-0.00364169
TW_2296_TW_2296	TW_2296_TW_2296	2	18.4	-0.0154929	0.00135867	-0.000452389	0.0109493	-0.00449412	0.00466608	0.000672251	-0.0156914	0.00963557	0.000941579	-0.00234576	-0.00028371	-0.0132629	0.000284305	-0.0102696	0.0115133	-0.0125779	-0.003297	-0.00958068	0.00244127
TW_2297_TW_2297	TW_2297_TW_2297	2	19.4	-0.0222224	-0.000285749	-0.00250102	0.000366937	0.0056223	0.00346733	-0.00274921	-0.0070754	0.0125764	-0.00131852	0.0288392	0.0383756	-0.0205293	0.0183184	0.00267437	-0.00190753	0.013751	-0.0311005	0.0217907	0.0614887
TW_2298_TW_2298	TW_2298_TW_2298	2	19.4	-0.0222224	-0.000285749	-0.00250102	0.000366937	0.0056223	0.00346733	-0.00274921	-0.0070754	0.0125764	-0.00131852	0.0288392	0.0383756	-0.0205293	0.0183184	0.00267437	-0.00190753	0.013751	-0.0311005	0.0217907	0.0614887
TW_2299_TW_2299	TW_2299_TW_2299	2	67.4	-0.0200595	-0.0150185	-0.00187136	0.000713253	-0.00312456	9.70E-05	0.00271886	-0.00877182	-0.00276061	0.00871109	0.0124479	-0.00161651	-0.0177082	-0.0133771	-0.0677247	-0.0378704	-0.0584697	0.024675	0.0402887	-0.0327435
TW_2300_TW_2300	TW_2300_TW_2300	2	67.4	-0.0200595	-0.0150185	-0.00187136	0.000713253	-0.00312456	9.70E-05	0.00271886	-0.00877182	-0.00276061	0.00871109	0.0124479	-0.00161651	-0.0177082	-0.0133771	-0.0677247	-0.0378704	-0.0584697	0.024675	0.0402887	-0.0327435
TW_2301_TW_2301	TW_2301_TW_2301	1	60	-0.00789058	-0.0229162	-0.00430733	0.00748198	-0.000298119	0.0049655	0.00490552	-0.0066273	-0.00705829	-0.00243314	-0.0224289	-0.0130394	-0.083494	0.00261929	-0.00875683	0.0164463	-0.0171741	-0.0209733	0.0266785	0.00586691
TW_2302_TW_2302	TW_2302_TW_2302	2	60	-0.0085203	-0.0229055	-0.00977008	0.00537726	-0.000997027	0.00262992	0.00369275	-0.00965456	-0.00578512	-0.00335955	-0.0246779	-0.0102503	-0.0816996	0.00277988	-0.00995117	0.0110912	-0.0187243	-0.0195825	0.0277116	0.00822288
TW_2303_TW_2303	TW_2303_TW_2303	2	20.4	-0.022768	0.00641729	-0.00343365	0.00189587	0.00147667	0.0085459	0.00831169	-0.0135874	0.00505259	0.00983362	-0.00328675	0.00737552	0.0143438	-0.0174307	-0.00698322	0.0495808	0.00934122	0.0228801	0.00572414	-0.0625598
TW_2304_TW_2304	TW_2304_TW_2304	2	20.4	-0.022768	0.00641729	-0.00343365	0.00189587	0.00147667	0.0085459	0.00831169	-0.0135874	0.00505259	0.00983362	-0.00328675	0.00737552	0.0143438	-0.0174307	-0.00698322	0.0495808	0.00934122	0.0228801	0.00572414	-0.0625598
TW_2305_TW_2305	TW_2305_TW_2305	2	18.1	-0.0211805	0.0086544	0.0036673	0.00169504	-0.00378801	0.0043612	0.00236359	-0.0150161	-4.10E-05	0.0178747	0.0339839	0.0144268	0.0434602	0.064284	-0.0173689	-0.0240622	0.021641	0.0205323	-0.0348493	-0.111323
TW_2306_TW_2306	TW_2306_TW_2306	2	18.1	-0.0211805	0.0086544	0.0036673	0.00169504	-0.00378801	0.0043612	0.00236359	-0.0150161	-4.10E-05	0.0178747	0.0339839	0.0144268	0.0434602	0.064284	-0.0173689	-0.0240622	0.021641	0.0205323	-0.0348493	-0.111323
TW_2307_TW_2307	TW_2307_TW_2307	2	27.4	-0.0199194	0.00417636	-0.00388491	-0.00283809	0.00690644	-0.00146646	0.00196079	-0.00980543	0.0100888	-0.00135384	0.000945211	0.00674888	0.00389976	-0.00340916	0.00302799	-0.00681466	-0.000339622	-0.00212129	-0.00571227	0.0123247
TW_2309_TW_2309	TW_2309_TW_2309	2	24.9	-0.0205858	0.00491534	0.00814225	0.0031279	-0.00496866	0.00222872	0.00804753	-0.0157775	0.0260828	0.011458	0.0119445	0.012953	0.00479919	0.125746	-0.0623153	-0.0404447	0.0264262	-0.0255544	0.0210635	-0.0358053
TW_2310_TW_2310	TW_2310_TW_2310	2	24.9	-0.0205858	0.00491534	0.00814225	0.0031279	-0.00496866	0.00222872	0.00804753	-0.0157775	0.0260828	0.011458	0.0119445	0.012953	0.00479919	0.125746	-0.0623153	-0.0404447	0.0264262	-0.0255544	0.0210635	-0.0358053
TW_2311_TW_2311	TW_2311_TW_2311	2	70.2	-0.0204455	-0.00197565	0.0098871	0.00902275	0.00120876	0.000651561	0.00394807	-0.0242905	0.0178523	-0.00180215	0.016452	0.00765221	0.0334024	0.035842	-0.0123186	0.025917	-0.0677522	-0.00258661	-0.0159103	-0.0533277
TW_2312_TW_2312	TW_2312_TW_2312	2	70.2	-0.0204455	-0.00197565	0.0098871	0.00902275	0.00120876	0.000651561	0.00394807	-0.0242905	0.0178523	-0.00180215	0.016452	0.00765221	0.0334024	0.035842	-0.0123186	0.025917	-0.0677522	-0.00258661	-0.0159103	-0.0533277
TW_2313_TW_2313	TW_2313_TW_2313	2	18.7	-0.0204262	0.000192134	0.0043749	-0.00519804	-0.0038986	-0.00533668	0.00733419	-0.0193232	-0.488172	0.0484127	-0.0313946	-0.0116627	0.0217954	0.0106878	0.00843321	-0.00667422	-0.00938295	0.0121919	0.00395689	0.0123561
TW_2314_TW_2314	TW_2314_TW_2314	2	18.7	-0.0204262	0.000192134	0.0043749	-0.00519804	-0.0038986	-0.00533668	0.00733419	-0.0193232	-0.488172	0.0484127	-0.0313946	-0.0116627	0.0217954	0.0106878	0.00843321	-0.00667422	-0.00938295	0.0121919	0.00395689	0.0123561
TW_2315_TW_2315	TW_2315_TW_2315	1	25.5	-0.0219979	0.00443741	0.00344702	0.000267125	-0.0014836	-0.0046239	0.0120223	-0.00694802	0.00455003	-0.00116326	0.00300263	0.00848906	0.0155763	0.065606	-0.0213373	-0.0259852	0.032829	0.0286694	0.0246811	-0.0429283
TW_2316_TW_2316	TW_2316_TW_2316	1	25.5	-0.0219979	0.00443741	0.00344702	0.000267125	-0.0014836	-0.0046239	0.0120223	-0.00694802	0.00455003	-0.00116326	0.00300263	0.00848906	0.0155763	0.065606	-0.0213373	-0.0259852	0.032829	0.0286694	0.0246811	-0.0429283
TW_2317_TW_2317	TW_2317_TW_2317	2	22.5	-0.0121242	-0.0110848	-0.00955146	-0.0104213	-0.0106425	0.00440693	0.00362048	-0.0059438	-0.00845929	-0.00289726	-0.0356893	-0.0254648	-0.1417	-0.0181568	-0.015786	-0.0226761	-0.0446788	-0.0370872	-0.0109678	0.0379738
TW_2318_TW_2318	TW_2318_TW_2318	2	22.5	-0.0121242	-0.0110848	-0.00955146	-0.0104213	-0.0106425	0.00440693	0.00362048	-0.0059438	-0.00845929	-0.00289726	-0.0356893	-0.0254648	-0.1417	-0.0181568	-0.015786	-0.0226761	-0.0446788	-0.0370872	-0.0109678	0.0379738
TW_2319_TW_2319	TW_2319_TW_2319	1	63.1	-0.0234048	0.0158194	-0.00612054	-0.00622326	-0.000129792	-0.00209496	-0.00143022	-0.0115184	0.011296	-0.0101152	0.0173147	0.0305656	0.0695873	0.0285036	-0.017778	0.0123881	0.00382038	0.034517	-0.0809664	-0.00759128
TW_2320_TW_2320	TW_2320_TW_2320	1	63.1	-0.0234048	0.0158194	-0.00612054	-0.00622326	-0.000129792	-0.00209496	-0.00143022	-0.0115184	0.011296	-0.0101152	0.0173147	0.0305656	0.0695873	0.0285036	-0.017778	0.0123881	0.00382038	0.034517	-0.0809664	-0.00759128
TW_2321_TW_2321	TW_2321_TW_2321	2	18.2	0.106138	0.00248113	-0.00148665	0.00493842	0.00551191	-0.00137647	-0.000563259	-0.00415044	-0.00512464	-0.00377714	-0.00925578	0.0171526	-0.0092397	0.00186849	0.0157055	-0.00268221	0.007738	0.0301281	0.000737072	0.00243283
TW_2322_TW_2322	TW_2322_TW_2322	1	18.2	0.110749	0.00189502	-0.00243982	1.06E-05	0.00326235	-0.00252073	0.000503999	-0.00507075	-0.000583862	-0.00446326	-0.0152805	0.018073	-0.0110072	-0.000276706	0.0168286	0.00416789	0.00496441	0.0238234	0.00416826	0.00739203
TW_2323_TW_2323	TW_2323_TW_2323	2	54	-0.0195759	0.00515823	-0.00322928	0.0025836	-0.00616973	-0.000930465	0.00452301	-0.024477	0.00468802	-0.0091776	0.0124462	-0.00704711	0.00294674	0.0105698	-0.0130632	0.0403646	0.0320415	-0.00559772	-0.0101016	-0.0277114
TW_2324_TW_2324	TW_2324_TW_2324	2	54	-0.0195759	0.00515823	-0.00322928	0.0025836	-0.00616973	-0.000930465	0.00452301	-0.024477	0.00468802	-0.0091776	0.0124462	-0.00704711	0.00294674	0.0105698	-0.0130632	0.0403646	0.0320415	-0.00559772	-0.0101016	-0.0277114
TW_2325_TW_2325	TW_2325_TW_2325	2	19.5	-0.0221594	0.00214231	-0.0028774	0.00748709	-0.0168508	-0.00268719	-0.00269802	-0.0171789	-0.000945122	-0.00751612	0.0324011	0.0046325	0.0138452	0.00289196	0.0166708	-0.0395754	-0.0631302	-0.0482667	-0.00229457	-0.000699699
TW_2326_TW_2326	TW_2326_TW_2326	2	19.5	-0.0221594	0.00214231	-0.0028774	0.00748709	-0.0168508	-0.00268719	-0.00269802	-0.0171789	-0.000945122	-0.00751612	0.0324011	0.0046325	0.0138452	0.00289196	0.0166708	-0.0395754	-0.0631302	-0.0482667	-0.00229457	-0.000699699
TW_2327_TW_2327	TW_2327_TW_2327	2	57	-0.0227658	0.00450341	0.0075631	0.00121996	0.00144181	-0.00314605	0.00352427	-0.0137435	-0.00792573	-0.000919872	0.0176706	0.0288345	0.0737772	0.0323553	0.0183583	0.0265311	0.0117117	0.00261485	-0.0698418	0.0271629
TW_2328_TW_2328	TW_2328_TW_2328	2	57	-0.0227658	0.00450341	0.0075631	0.00121996	0.00144181	-0.00314605	0.00352427	-0.0137435	-0.00792573	-0.000919872	0.0176706	0.0288345	0.0737772	0.0323553	0.0183583	0.0265311	0.0117117	0.00261485	-0.0698418	0.0271629
TW_2329_TW_2329	TW_2329_TW_2329	2	38.8	-0.022897	0.0119294	-0.00680325	0.00613188	-0.00355765	0.00381748	0.00292562	-0.0201908	0.0135086	-0.0103219	0.0138631	0.0199916	0.0276754	0.0246725	-0.019377	-0.0848217	-0.0118122	-0.0339291	0.0256831	0.0179756
TW_2330_TW_2330	TW_2330_TW_2330	2	38.8	-0.022897	0.0119294	-0.00680325	0.00613188	-0.00355765	0.00381748	0.00292562	-0.0201908	0.0135086	-0.0103219	0.0138631	0.0199916	0.0276754	0.0246725	-0.019377	-0.0848217	-0.0118122	-0.0339291	0.0256831	0.0179756
TW_2331_TW_2331	TW_2331_TW_2331	2	62.4	-0.0257342	0.00511635	0.212608	0.0589374	0.155629	0.248397	-0.30266	0.136155	-0.00654132	0.00745314	-0.0100467	-0.00750469	0.000161348	0.000172027	-7.96E-05	-0.00221453	0.00169098	0.00619399	0.00217594	-0.000157858
TW_2332_TW_2332	TW_2332_TW_2332	2	62.4	-0.0257342	0.00511635	0.212608	0.0589374	0.155629	0.248397	-0.30266	0.136155	-0.00654132	0.00745314	-0.0100467	-0.00750469	0.000161348	0.000172027	-7.96E-05	-0.00221453	0.00169098	0.00619399	0.00217594	-0.000157858
TW_2333_TW_2333	TW_2333_TW_2333	2	41.4	-0.0231746	-0.00260012	0.00449766	-0.000319368	0.00406881	0.00190466	-0.0075597	-0.0187877	-0.00120952	-0.00120435	0.00182171	0.0163572	0.029639	0.00767514	-0.0081698	-0.0380921	-0.00486513	-0.0205063	-0.0187126	0.0344911
TW_2334_TW_2334	TW_2334_TW_2334	2	41.4	-0.0231746	-0.00260012	0.00449766	-0.000319368	0.00406881	0.00190466	-0.0075597	-0.0187877	-0.00120952	-0.00120435	0.00182171	0.0163572	0.029639	0.00767514	-0.0081698	-0.0380921	-0.00486513	-0.0205063	-0.0187126	0.0344911
TW_2335_TW_2335	TW_2335_TW_2335	2	57	-0.0234045	0.13473	-0.238768	-0.158582	0.319761	-0.120826	-0.0485153	0.157669	-0.00204578	0.00257397	-0.00917865	-0.00920564	-0.0068515	0.00648157	0.00120089	-0.00648368	0.00164337	-0.00376608	-0.000435554	-0.00493831
TW_2336_TW_2336	TW_2336_TW_2336	2	57	-0.0234045	0.13473	-0.238768	-0.158582	0.319761	-0.120826	-0.0485153	0.157669	-0.00204578	0.00257397	-0.00917865	-0.00920564	-0.0068515	0.00648157	0.00120089	-0.00648368	0.00164337	-0.00376608	-0.000435554	-0.00493831
TW_2337_TW_2337	TW_2337_TW_2337	2	40.8	-0.0180602	0.00904197	-0.00269868	0.00212905	-0.000739032	0.0057523	0.000148307	-0.013661	0.00804689	-0.000446702	0.00809581	0.00685596	-0.00323159	0.0256395	0.063645	0.00430929	-0.0423948	-0.078413	0.0389043	-0.000633034
TW_2338_TW_2338	TW_2338_TW_2338	2	40.8	-0.0180602	0.00904197	-0.00269868	0.00212905	-0.000739032	0.0057523	0.000148307	-0.013661	0.00804689	-0.000446702	0.00809581	0.00685596	-0.00323159	0.0256395	0.063645	0.00430929	-0.0423948	-0.078413	0.0389043	-0.000633034
TW_2339_TW_2339	TW_2339_TW_2339	2	41.3	0.101101	0.00912625	0.00254094	-0.00222223	0.00187168	0.000227444	-0.00732448	0.00244327	0.0137953	-0.0176762	-0.0283922	0.0630752	-0.0695773	-0.121918	0.239967	0.0965486	-0.0562618	0.0943226	-0.155775	-0.100447
TW_2340_TW_2340	TW_2340_TW_2340	2	41.3	0.101101	0.00912625	0.00254094	-0.00222223	0.00187168	0.000227444	-0.00732448	0.00244327	0.0137953	-0.0176762	-0.0283922	0.0630752	-0.0695773	-0.121918	0.239967	0.0965486	-0.0562618	0.0943226	-0.155775	-0.100447
TW_2341_TW_2341	TW_2341_TW_2341	2	18.3	0.124766	0.00524285	-0.00190585	0.00245658	0.00331552	-0.000836941	-0.00283032	0.00561971	-0.0100689	-0.01801	-0.00666726	0.0151655	-0.00237598	-0.00588714	-0.00428067	-0.00803101	-0.0106851	0.00556575	0.0113795	-0.0227453
TW_2342_TW_2342	TW_2342_TW_2342	1	18.3	0.1241	0.00437953	-0.00220316	0.00257564	0.00217681	0.00032596	-0.0022909	0.00559917	-0.00510215	-0.0137894	-0.00200633	0.020047	-0.00322505	-0.00591719	-0.0104347	-0.00762353	-0.0112741	0.00705092	0.00890044	-0.0225886
TW_2343_TW_2343	TW_2343_TW_2343	1	22.2	-0.016924	0.000246775	-0.00224214	-0.00194437	-0.0044775	-0.00113948	0.00495007	-0.0161649	0.00353956	0.00137146	0.0139798	0.00312501	-0.0262254	0.0709194	0.00921504	-0.005934	0.0723062	0.0179812	0.0263364	-0.0738214
TW_2344_TW_2344	TW_2344_TW_2344	1	22.2	-0.016924	0.000246775	-0.00224214	-0.00194437	-0.0044775	-0.00113948	0.00495007	-0.0161649	0.00353956	0.00137146	0.0139798	0.00312501	-0.0262254	0.0709194	0.00921504	-0.005934	0.0723062	0.0179812	0.0263364	-0.0738214
TW_2345_TW_2345	TW_2345_TW_2345	2	27.5	-0.025833	0.122822	-0.129796	0.0571166	-0.171442	0.229235	0.173562	0.312533	-0.00272107	-0.0071871	-0.00500341	-0.00533796	0.00988551	-0.00328767	0.00304766	0.00220716	-0.00220133	0.000721691	-0.00205296	0.00740357
TW_2346_TW_2346	TW_2346_TW_2346	2	27.5	-0.025833	0.122822	-0.129796	0.0571166	-0.171442	0.229235	0.173562	0.312533	-0.00272107	-0.0071871	-0.00500341	-0.00533796	0.00988551	-0.00328767	0.00304766	0.00220716	-0.00220133	0.000721691	-0.00205296	0.00740357
TW_2347_TW_2347	TW_2347_TW_2347	2	21.9	-0.0202948	-0.00108943	-0.00606665	-0.000708721	-0.009476	-0.00544287	0.00759667	-0.0171876	0.0187153	-0.0104182	-0.015161	-0.0081098	-0.0166599	0.0505966	0.0162956	0.0279609	-0.0273308	-0.0222299	-0.0171318	-0.00281928
TW_2348_TW_2348	TW_2348_TW_2348	2	21.9	-0.0202948	-0.00108943	-0.00606665	-0.000708721	-0.009476	-0.00544287	0.00759667	-0.0171876	0.0187153	-0.0104182	-0.015161	-0.0081098	-0.0166599	0.0505966	0.0162956	0.0279609	-0.0273308	-0.0222299	-0.0171318	-0.00281928
TW_2349_TW_2349	TW_2349_TW_2349	2	33.6	-0.0215059	0.00334448	0.00110938	0.00015208	-0.000542643	0.00681364	0.00140571	-0.0272143	0.00933122	0.00739906	0.0522778	0.0036841	0.0524716	-0.0278559	0.0314531	0.00139358	0.00416351	0.0292448	-0.0380841	0.00437734
TW_2350_TW_2350	TW_2350_TW_2350	2	33.6	-0.0215059	0.00334448	0.00110938	0.00015208	-0.000542643	0.00681364	0.00140571	-0.0272143	0.00933122	0.00739906	0.0522778	0.0036841	0.0524716	-0.0278559	0.0314531	0.00139358	0.00416351	0.0292448	-0.0380841	0.00437734
TW_2351_TW_2351	TW_2351_TW_2351	2	64	-0.0217703	0.00658399	-0.00535798	0.00704472	-0.00832799	-0.00233175	0.0128021	-0.0212423	0.00118687	-0.0101498	0.00736227	0.00619945	0.0218728	0.0127524	0.0897114	-0.0435403	0.00767993	-0.00223556	0.00847412	0.0435716
TW_2352_TW_2352	TW_2352_TW_2352	2	64	-0.0217703	0.00658399	-0.00535798	0.00704472	-0.00832799	-0.00233175	0.0128021	-0.0212423	0.00118687	-0.0101498	0.00736227	0.00619945	0.0218728	0.0127524	0.0897114	-0.0435403	0.00767993	-0.00223556	0.00847412	0.0435716
TW_2353_TW_2353	TW_2353_TW_2353	2	23.4	-0.0248626	0.0456022	0.127519	0.330046	0.0354264	-0.289234	0.0280848	0.17945	-0.00143038	0.00398445	-0.0135305	-0.00246851	-0.00742823	-0.000528073	-0.00152107	0.00254878	0.00442807	-0.000972654	-0.0012135	-0.000135014
TW_2354_TW_2354	TW_2354_TW_2354	2	23.4	-0.0248626	0.0456022	0.127519	0.330046	0.0354264	-0.289234	0.0280848	0.17945	-0.00143038	0.00398445	-0.0135305	-0.00246851	-0.00742823	-0.000528073	-0.00152107	0.00254878	0.00442807	-0.000972654	-0.0012135	-0.000135014
TW_2355_TW_2355	TW_2355_TW_2355	2	18.5	-0.0227787	-0.000629726	0.000976177	0.00116817	-0.00150044	-0.00141071	0.00305137	-0.012662	0.0165756	0.001501	0.0128581	0.0108072	0.0158226	-0.0100606	-0.0377411	0.00761883	-0.0631427	0.023437	0.0445757	-0.0222833
TW_2356_TW_2356	TW_2356_TW_2356	2	18.5	-0.0227787	-0.000629726	0.000976177	0.00116817	-0.00150044	-0.00141071	0.00305137	-0.012662	0.0165756	0.001501	0.0128581	0.0108072	0.0158226	-0.0100606	-0.0377411	0.00761883	-0.0631427	0.023437	0.0445757	-0.0222833
TW_2357_TW_2357	TW_2357_TW_2357	2	47.7	-0.0239975	0.05728	0.0111062	-0.195402	-0.293493	-0.181105	-0.262902	0.124753	0.00354969	-0.00548084	-0.00362244	-0.0048749	-0.00316974	0.00153209	-0.000250009	-0.000846097	0.00636814	-0.00250537	0.00727251	-0.00402588
TW_2358_TW_2358	TW_2358_TW_2358	2	47.7	-0.0239975	0.05728	0.0111062	-0.195402	-0.293493	-0.181105	-0.262902	0.124753	0.00354969	-0.00548084	-0.00362244	-0.0048749	-0.00316974	0.00153209	-0.000250009	-0.000846097	0.00636814	-0.00250537	0.00727251	-0.00402588
TW_2361_TW_2361	TW_2361_TW_2361	1	36	0.00136039	-0.00119074	-0.00139565	0.011065	-0.00572597	0.00542982	0.00629055	-0.0116044	0.00740071	0.00288522	-0.0389558	-0.0212269	-0.000753744	-0.0514448	0.0282153	0.0845715	-0.0130849	0.0261124	0.0140029	0.000628122
TW_2362_TW_2362	TW_2362_TW_2362	1	36	0.00136039	-0.00119074	-0.00139565	0.011065	-0.00572597	0.00542982	0.00629055	-0.0116044	0.00740071	0.00288522	-0.0389558	-0.0212269	-0.000753744	-0.0514448	0.0282153	0.0845715	-0.0130849	0.0261124	0.0140029	0.000628122
TW_2363_TW_2363	TW_2363_TW_2363	1	60.5	-0.0218304	0.0020886	0.000965738	0.0121487	0.00500553	0.00227882	0.0029251	-0.00589789	0.0154448	-0.0124237	0.0224761	0.0273975	0.0493377	0.0675734	0.0115634	-0.0956919	0.0226346	0.00451482	0.0343146	0.0130738
TW_2364_TW_2364	TW_2364_TW_2364	1	60.5	-0.0218304	0.0020886	0.000965738	0.0121487	0.00500553	0.00227882	0.0029251	-0.00589789	0.0154448	-0.0124237	0.0224761	0.0273975	0.0493377	0.0675734	0.0115634	-0.0956919	0.0226346	0.00451482	0.0343146	0.0130738
TW_2365_TW_2365	TW_2365_TW_2365	2	44.9	-0.0200782	0.00915824	-0.0103693	0.000469072	-0.0035084	-0.00311632	0.000116054	-0.0156885	-0.00627401	-0.00701214	0.0164441	-0.0126904	0.0328068	-0.00881989	-0.0163428	0.0289933	-0.0322366	0.0467762	0.0141223	-0.01656
TW_2366_TW_2366	TW_2366_TW_2366	2	44.9	-0.0200782	0.00915824	-0.0103693	0.000469072	-0.0035084	-0.00311632	0.000116054	-0.0156885	-0.00627401	-0.00701214	0.0164441	-0.0126904	0.0328068	-0.00881989	-0.0163428	0.0289933	-0.0322366	0.0467762	0.0141223	-0.01656
TW_2367_TW_2367	TW_2367_TW_2367	2	24.8	-0.0219895	0.00276115	0.000696683	-0.00119732	-0.00734645	0.00366847	0.00486558	-0.0205645	0.0151907	-0.00918556	0.00428761	0.0219178	0.0556314	0.0785497	-0.0726104	0.00912005	-0.00890837	0.00961712	0.0454749	-0.0347204
TW_2368_TW_2368	TW_2368_TW_2368	2	24.8	-0.0219895	0.00276115	0.000696683	-0.00119732	-0.00734645	0.00366847	0.00486558	-0.0205645	0.0151907	-0.00918556	0.00428761	0.0219178	0.0556314	0.0785497	-0.0726104	0.00912005	-0.00890837	0.00961712	0.0454749	-0.0347204
TW_2369_TW_2369	TW_2369_TW_2369	2	37.8	-0.0221981	-0.00230132	-0.000608798	0.00256105	-0.00895615	0.000747914	-0.00264329	-0.0200936	0.00994733	0.00172776	0.0300421	0.00436947	0.029793	-0.0452897	-0.013497	-0.00391429	0.00974714	0.0655199	-0.0246765	0.0137735
TW_2370_TW_2370	TW_2370_TW_2370	2	37.8	-0.0221981	-0.00230132	-0.000608798	0.00256105	-0.00895615	0.000747914	-0.00264329	-0.0200936	0.00994733	0.00172776	0.0300421	0.00436947	0.029793	-0.0452897	-0.013497	-0.00391429	0.00974714	0.0655199	-0.0246765	0.0137735
TW_2371_TW_2371	TW_2371_TW_2371	2	53.8	-0.0216006	0.000312151	-0.00289148	-0.00215324	-0.00578994	-3.93E-05	0.00521926	-0.0170205	0.0122748	-0.00222681	0.0112166	-0.00523946	-0.0540566	-0.0220198	0.0124012	-0.0435811	-0.0388154	-0.0158208	0.0302335	-0.0630564
TW_2372_TW_2372	TW_2372_TW_2372	2	53.8	-0.0216006	0.000312151	-0.00289148	-0.00215324	-0.00578994	-3.93E-05	0.00521926	-0.0170205	0.0122748	-0.00222681	0.0112166	-0.00523946	-0.0540566	-0.0220198	0.0124012	-0.0435811	-0.0388154	-0.0158208	0.0302335	-0.0630564
TW_2373_TW_2373	TW_2373_TW_2373	2	71.3	0.14801	0.000793901	-0.00177944	-0.00486486	0.00319326	-0.00375717	-0.00379165	0.000306774	0.00658908	-0.020018	-0.0314328	0.0591992	0.0242492	0.0896963	-0.0411271	-0.077618	-0.069302	-0.0303552	0.0203642	0.148995
TW_2374_TW_2374	TW_2374_TW_2374	2	71.3	0.14801	0.000793901	-0.00177944	-0.00486486	0.00319326	-0.00375717	-0.00379165	0.000306774	0.00658908	-0.020018	-0.0314328	0.0591992	0.0242492	0.0896963	-0.0411271	-0.077618	-0.069302	-0.0303552	0.0203642	0.148995
TW_2375_TW_2375	TW_2375_TW_2375	2	21.6	-0.01841	0.00607239	-0.00403365	1.85E-05	0.00391592	-0.00297974	0.00451008	0.00201811	0.0027265	-0.00958992	0.00158064	0.00267741	-0.0280897	-0.112885	-0.0450421	0.0280763	-0.0341104	0.0774132	3.33E-06	0.0156106
TW_2376_TW_2376	TW_2376_TW_2376	2	21.6	-0.01841	0.00607239	-0.00403365	1.85E-05	0.00391592	-0.00297974	0.00451008	0.00201811	0.0027265	-0.00958992	0.00158064	0.00267741	-0.0280897	-0.112885	-0.0450421	0.0280763	-0.0341104	0.0774132	3.33E-06	0.0156106
TW_2377_TW_2377	TW_2377_TW_2377	2	47.5	-0.0223814	-0.049376	0.311564	-0.262617	0.0655351	-0.0481168	0.230698	0.129909	0.00779954	0.00295043	-0.00683559	-0.00522423	-0.00430089	-0.00830629	0.000294975	-0.00253473	-0.00249312	-0.00116867	0.00247484	0.00422978
TW_2378_TW_2378	TW_2378_TW_2378	2	47.5	-0.0223814	-0.049376	0.311564	-0.262617	0.0655351	-0.0481168	0.230698	0.129909	0.00779954	0.00295043	-0.00683559	-0.00522423	-0.00430089	-0.00830629	0.000294975	-0.00253473	-0.00249312	-0.00116867	0.00247484	0.00422978
TW_2379_TW_2379	TW_2379_TW_2379	2	60.4	-0.0211173	0.000711167	-0.00250454	0.0068105	-0.00620722	-0.000467452	0.002252	-0.0231075	-0.00396817	0.00188503	0.0224137	0.0160721	0.0288179	0.0246863	-0.040136	0.0940671	0.00167852	0.0520637	0.0111046	-0.024434
TW_2380_TW_2380	TW_2380_TW_2380	2	60.4	-0.0211173	0.000711167	-0.00250454	0.0068105	-0.00620722	-0.000467452	0.002252	-0.0231075	-0.00396817	0.00188503	0.0224137	0.0160721	0.0288179	0.0246863	-0.040136	0.0940671	0.00167852	0.0520637	0.0111046	-0.024434
TW_2381_TW_2381	TW_2381_TW_2381	2	19.1	-0.0212058	0.00113214	0.00550931	0.00558721	-0.00286185	-0.00153847	0.00100359	-0.0214866	0.0120648	-0.00566799	0.00309725	0.0137969	0.0171158	-0.067581	0.0440865	0.00429601	-0.0174641	0.0110092	0.0282344	-0.0088328
TW_2382_TW_2382	TW_2382_TW_2382	2	19.1	-0.0212058	0.00113214	0.00550931	0.00558721	-0.00286185	-0.00153847	0.00100359	-0.0214866	0.0120648	-0.00566799	0.00309725	0.0137969	0.0171158	-0.067581	0.0440865	0.00429601	-0.0174641	0.0110092	0.0282344	-0.0088328
TW_2383_TW_2383	TW_2383_TW_2383	2	51.3	-0.0238347	0.005517	0.00683996	-0.00257685	0.0057772	-0.00539416	0.000380627	-0.0122106	0.0105242	0.00509143	0.0238	0.0116265	0.0815487	-0.0137849	0.00893644	-0.0238635	-0.00409955	0.0508229	-0.0142831	0.0410029
TW_2384_TW_2384	TW_2384_TW_2384	2	51.3	-0.0238347	0.005517	0.00683996	-0.00257685	0.0057772	-0.00539416	0.000380627	-0.0122106	0.0105242	0.00509143	0.0238	0.0116265	0.0815487	-0.0137849	0.00893644	-0.0238635	-0.00409955	0.0508229	-0.0142831	0.0410029
TW_275_TW_275	TW_275_TW_275	2	27.4	-0.0204298	0.00435711	-0.0037417	0.0026338	-0.00161461	0.00213477	0.000161283	-0.0126676	0.020885	0.00674414	-0.00465127	-0.00787709	0.0312855	-0.0113212	0.0133749	-0.000679779	0.0128459	-0.0467611	-0.0787386	0.101434
TW_276_TW_276	TW_276_TW_276	2	27.4	-0.0204864	0.00436393	-0.00402097	0.00241793	-0.00171142	0.00220726	8.80E-06	-0.0127229	0.0210338	0.00682898	-0.00455779	-0.00776727	0.0312732	-0.0112963	0.0132803	-0.00086859	0.0130342	-0.0468203	-0.0785754	0.101044
TW_285_TW_285	TW_285_TW_285	2	27.6	-0.02183	-1.85E-05	-0.00219917	0.0040897	-0.00820638	-0.00769051	0.00438504	-0.0144575	0.000419057	0.00717746	0.0328082	-0.00454615	0.0147358	-0.0312487	0.050914	-0.0645745	0.0134043	-0.0438045	-0.00453743	-0.00990203
TW_286_TW_286	TW_286_TW_286	2	27.6	-0.02183	-1.85E-05	-0.00219917	0.0040897	-0.00820638	-0.00769051	0.00438504	-0.0144575	0.000419057	0.00717746	0.0328082	-0.00454615	0.0147358	-0.0312487	0.050914	-0.0645745	0.0134043	-0.0438045	-0.00453743	-0.00990203
TW_287_TW_287	TW_287_TW_287	2	32.4	-0.0222031	0.000671672	-0.00317025	6.13E-05	-0.00382243	0.00491166	0.0114136	-0.0198385	0.00473245	-0.00548047	0.0127371	-0.00797367	0.0228417	0.0174006	0.0152462	0.0274213	0.004841	0.0324118	-0.0616642	-0.00187948
TW_288_TW_288	TW_288_TW_288	2	32.4	-0.0222031	0.000671672	-0.00317025	6.13E-05	-0.00382243	0.00491166	0.0114136	-0.0198385	0.00473245	-0.00548047	0.0127371	-0.00797367	0.0228417	0.0174006	0.0152462	0.0274213	0.004841	0.0324118	-0.0616642	-0.00187948
TW_309_TW_309	TW_309_TW_309	2	29.6	-0.0215296	0.00412431	0.00527414	-3.12E-06	0.00678721	0.00144296	0.00287193	-0.0212176	0.00581927	-0.0100009	0.0360287	0.00439927	0.00352514	-0.0136872	0.0725975	-0.0268648	0.0337067	-0.0179712	-0.0373534	-0.0272993
TW_310_TW_310	TW_310_TW_310	2	30.6	-0.0215296	0.00412431	0.00527414	-3.12E-06	0.00678721	0.00144296	0.00287193	-0.0212176	0.00581927	-0.0100009	0.0360287	0.00439927	0.00352514	-0.0136872	0.0725975	-0.0268648	0.0337067	-0.0179712	-0.0373534	-0.0272993
TW_317_TW_317	TW_317_TW_317	2	38.9	-0.0213932	0.00276502	0.00107882	-0.00389591	-0.001888	-0.000549401	0.0133928	-0.0200576	-0.00670748	-0.00738297	0.0162152	0.0144982	0.0257869	-0.00330215	0.0363815	2.46E-05	-0.00572225	0.0399926	-0.0315322	-0.00512096
TW_318_TW_318	TW_318_TW_318	2	38.9	-0.0213932	0.00276502	0.00107882	-0.00389591	-0.001888	-0.000549401	0.0133928	-0.0200576	-0.00670748	-0.00738297	0.0162152	0.0144982	0.0257869	-0.00330215	0.0363815	2.46E-05	-0.00572225	0.0399926	-0.0315322	-0.00512096
TW_345_TW_345	TW_345_TW_345	2	34.8	-0.0190067	-0.00590833	0.0031526	0.00302237	-0.00197354	0.00689549	-0.000219144	-0.0133598	0.0206879	-0.00648151	0.00539213	-0.0148156	-0.0200098	-0.00656157	0.0614319	0.0861416	0.0492344	0.00181357	0.00811566	-0.0334059
TW_346_TW_346	TW_346_TW_346	2	34.8	-0.0190067	-0.00590833	0.0031526	0.00302237	-0.00197354	0.00689549	-0.000219144	-0.0133598	0.0206879	-0.00648151	0.00539213	-0.0148156	-0.0200098	-0.00656157	0.0614319	0.0861416	0.0492344	0.00181357	0.00811566	-0.0334059
TW_381_TW_381	TW_381_TW_381	2	57.3	-0.0201939	0.00491048	0.00105299	-0.00112451	0.00722309	0.00234195	-0.0014087	-0.0170061	0.0115349	-0.0082636	0.0296613	0.0167328	0.00316977	-0.0621696	-0.0293795	-0.0293532	0.0752209	0.0438893	0.0799449	-0.0614207
TW_382_TW_382	TW_382_TW_382	2	57.3	-0.0201939	0.00491048	0.00105299	-0.00112451	0.00722309	0.00234195	-0.0014087	-0.0170061	0.0115349	-0.0082636	0.0296613	0.0167328	0.00316977	-0.0621696	-0.0293795	-0.0293532	0.0752209	0.0438893	0.0799449	-0.0614207
TW_389_TW_389	TW_389_TW_389	2	42.1	0.128124	0.0050092	-0.00379896	0.00404484	0.00175215	-0.00208245	-0.00382903	0.00177176	-0.00860419	-0.018732	0.00427191	0.0534371	0.0692692	0.0131392	0.0302776	-0.129078	0.110715	0.035222	0.105914	0.0532873
TW_390_TW_390	TW_390_TW_390	2	42.1	0.128124	0.0050092	-0.00379896	0.00404484	0.00175215	-0.00208245	-0.00382903	0.00177176	-0.00860419	-0.018732	0.00427191	0.0534371	0.0692692	0.0131392	0.0302776	-0.129078	0.110715	0.035222	0.105914	0.0532873
TW_411_TW_411	TW_411_TW_411	2	26.4	-0.0248536	0.0454867	0.127419	0.330129	0.035326	-0.289173	0.0281619	0.179499	-0.00179155	0.00395676	-0.0134629	-0.00250348	-0.00703903	-0.000234418	-0.00128984	0.00262799	0.00422516	-0.00100253	-0.00121964	7.87E-05
TW_412_TW_412	TW_412_TW_412	2	26.4	-0.0248536	0.0454867	0.127419	0.330129	0.035326	-0.289173	0.0281619	0.179499	-0.00179155	0.00395676	-0.0134629	-0.00250348	-0.00703903	-0.000234418	-0.00128984	0.00262799	0.00422516	-0.00100253	-0.00121964	7.87E-05
TW_425_TW_425	TW_425_TW_425	1	46.5	-0.0195777	0.00611179	-0.00442899	0.000526765	0.000299066	0.00364877	0.00530793	-0.0203363	0.00754706	0.00113103	0.000480878	-0.00226064	0.043756	-0.0541804	0.0550009	-0.0228248	0.0535473	-0.0774517	-0.0600492	0.0848841
TW_426_TW_426	TW_426_TW_426	1	46.5	-0.0195777	0.00611179	-0.00442899	0.000526765	0.000299066	0.00364877	0.00530793	-0.0203363	0.00754706	0.00113103	0.000480878	-0.00226064	0.043756	-0.0541804	0.0550009	-0.0228248	0.0535473	-0.0774517	-0.0600492	0.0848841
TW_427_TW_427	TW_427_TW_427	1	35	-0.0207973	0.0045581	-0.013122	0.00968556	0.00427584	-0.00630987	-0.00380525	-0.012699	0.0139227	-0.00928138	0.0206941	0.00846128	-0.011568	-0.0132781	-0.0525073	0.0306265	-0.0589025	0.00576853	0.00391629	0.0449307
TW_428_TW_428	TW_428_TW_428	1	35	-0.0207973	0.0045581	-0.013122	0.00968556	0.00427584	-0.00630987	-0.00380525	-0.012699	0.0139227	-0.00928138	0.0206941	0.00846128	-0.011568	-0.0132781	-0.0525073	0.0306265	-0.0589025	0.00576853	0.00391629	0.0449307
TW_479_TW_479	TW_479_TW_479	2	22.5	-0.0203592	0.00572955	0.0067655	0.00315787	-0.00634691	0.000117898	0.00100676	-0.0237505	0.0200072	-0.00960083	-0.00269053	0.00747518	0.0400641	-0.016224	-0.0049527	-0.0109472	-0.0443426	0.000473493	0.0703551	-0.00787867
TW_480_TW_480	TW_480_TW_480	2	22.5	-0.0203592	0.00572955	0.0067655	0.00315787	-0.00634691	0.000117898	0.00100676	-0.0237505	0.0200072	-0.00960083	-0.00269053	0.00747518	0.0400641	-0.016224	-0.0049527	-0.0109472	-0.0443426	0.000473493	0.0703551	-0.00787867
TW_5_TW_5	TW_5_TW_5	2	25.9	-0.020953	0.00589404	1.94E-05	0.00345436	-0.00566524	0.00843618	-0.00219565	-0.0242216	0.0165246	-0.00602641	0.020535	-0.000305852	0.00442832	-0.0219258	-0.0379807	-0.00530694	-0.0231298	-0.0479518	0.0284745	0.0841423
TW_529_TW_529	TW_529_TW_529	2	68.8	0.145315	0.00174277	-0.000340994	0.00269373	0.00051645	0.00158911	-0.00161073	0.00575983	0.00752027	-0.0354778	0.0177627	0.0630435	-0.0375855	0.00751572	-0.126382	-0.0435627	-0.0789373	0.10649	-0.0622865	-0.0953421
TW_530_TW_530	TW_530_TW_530	2	68.8	0.145315	0.00174277	-0.000340994	0.00269373	0.00051645	0.00158911	-0.00161073	0.00575983	0.00752027	-0.0354778	0.0177627	0.0630435	-0.0375855	0.00751572	-0.126382	-0.0435627	-0.0789373	0.10649	-0.0622865	-0.0953421
TW_6_TW_6	TW_6_TW_6	2	25.9	-0.020953	0.00589404	1.94E-05	0.00345436	-0.00566524	0.00843618	-0.00219565	-0.0242216	0.0165246	-0.00602641	0.020535	-0.000305852	0.00442832	-0.0219258	-0.0379807	-0.00530694	-0.0231298	-0.0479518	0.0284745	0.0841423
TW_601_TW_601	TW_601_TW_601	2	42.7	-0.0206452	0.00384175	0.000489008	0.00843179	-0.00166068	0.00384028	0.00521588	-0.0110185	0.00188452	-0.00502393	0.0309522	0.00150884	0.0310378	-0.0683616	-0.0279252	-0.0690447	-0.0218353	0.0555135	0.0462087	0.0455619
TW_602_TW_602	TW_602_TW_602	2	42.7	-0.0206452	0.00384175	0.000489008	0.00843179	-0.00166068	0.00384028	0.00521588	-0.0110185	0.00188452	-0.00502393	0.0309522	0.00150884	0.0310378	-0.0683616	-0.0279252	-0.0690447	-0.0218353	0.0555135	0.0462087	0.0455619
TW_613_TW_613	TW_613_TW_613	2	34.2	-0.0205538	-0.00137157	-0.00322732	0.00381479	-0.0059435	0.00281792	0.000847661	-0.0139774	0.00545551	0.00318028	0.0269016	0.0144069	-0.0302506	-0.0334393	-0.0024086	-0.0599992	0.0210494	0.0298098	0.0519755	0.0481467
TW_614_TW_614	TW_614_TW_614	2	34.2	-0.0205538	-0.00137157	-0.00322732	0.00381479	-0.0059435	0.00281792	0.000847661	-0.0139774	0.00545551	0.00318028	0.0269016	0.0144069	-0.0302506	-0.0334393	-0.0024086	-0.0599992	0.0210494	0.0298098	0.0519755	0.0481467
TW_615_TW_615	TW_615_TW_615	1	19.5	-0.0217697	0.00581759	-0.00503935	0.00540098	-0.000401051	0.00944841	0.000146386	-0.0103461	0.0170554	-0.014414	0.0181474	-0.011056	-0.0020387	-0.0577069	0.00160197	-0.00654286	0.010888	-0.000561779	0.00851446	0.060452
TW_616_TW_616	TW_616_TW_616	1	19.5	-0.0217697	0.00581759	-0.00503935	0.00540098	-0.000401051	0.00944841	0.000146386	-0.0103461	0.0170554	-0.014414	0.0181474	-0.011056	-0.0020387	-0.0577069	0.00160197	-0.00654286	0.010888	-0.000561779	0.00851446	0.060452
TW_627_TW_627	TW_627_TW_627	1	25.8	-0.0206987	-0.00794681	-0.00795923	0.00142431	0.00182755	0.00435018	-0.00112753	-0.0238397	-0.00926868	-0.0127255	-0.00146201	0.00801641	0.0319101	0.00111247	0.016245	-0.0125848	0.0366907	-0.0133272	0.00327155	-0.00502393
TW_628_TW_628	TW_628_TW_628	1	25.8	-0.0206987	-0.00794681	-0.00795923	0.00142431	0.00182755	0.00435018	-0.00112753	-0.0238397	-0.00926868	-0.0127255	-0.00146201	0.00801641	0.0319101	0.00111247	0.016245	-0.0125848	0.0366907	-0.0133272	0.00327155	-0.00502393
TW_643_TW_643	TW_643_TW_643	2	44.2	-0.0213317	-0.00243324	-0.00334503	-0.00441238	-0.00881192	-0.000169764	0.006947	-0.0191452	-0.482885	0.0489544	-0.0254748	-0.0221841	0.0176839	0.00824157	0.00801584	-0.0100681	-0.0091479	0.00620657	0.0112851	0.0103978
TW_644_TW_644	TW_644_TW_644	2	44.2	-0.0213317	-0.00243324	-0.00334503	-0.00441238	-0.00881192	-0.000169764	0.006947	-0.0191452	-0.482885	0.0489544	-0.0254748	-0.0221841	0.0176839	0.00824157	0.00801584	-0.0100681	-0.0091479	0.00620657	0.0112851	0.0103978
TW_679_TW_679	TW_679_TW_679	1	41.1	0.0383821	0.00430839	-0.00501445	0.00443651	-0.00119853	0.00898099	0.00787207	-0.00791615	0.0121498	-0.0145379	-0.077548	0.0275834	-0.118129	-0.0148629	0.124576	-0.0673914	0.333337	0.0999694	0.0477503	-0.0287569
TW_680_TW_680	TW_680_TW_680	1	41.1	0.0383821	0.00430839	-0.00501445	0.00443651	-0.00119853	0.00898099	0.00787207	-0.00791615	0.0121498	-0.0145379	-0.077548	0.0275834	-0.118129	-0.0148629	0.124576	-0.0673914	0.333337	0.0999694	0.0477503	-0.0287569
TW_681_TW_681	TW_681_TW_681	2	24.2	-0.0122167	-0.452566	-0.12236	0.00646189	0.0106067	-0.0183971	-0.0258231	0.149116	0.00159266	-0.0038251	0.0153355	0.00428726	0.0400273	0.00345733	0.0124372	-0.00548512	0.00413481	0.00616721	-0.0100333	-0.00716437
TW_682_TW_682	TW_682_TW_682	2	24.2	-0.0122167	-0.452566	-0.12236	0.00646189	0.0106067	-0.0183971	-0.0258231	0.149116	0.00159266	-0.0038251	0.0153355	0.00428726	0.0400273	0.00345733	0.0124372	-0.00548512	0.00413481	0.00616721	-0.0100333	-0.00716437
TW_695_TW_695	TW_695_TW_695	2	25.2	-0.0141162	-0.0117077	-0.00530167	0.000819879	-0.00708261	0.00314093	0.00429479	-0.00460856	-0.0128231	-0.00681084	-0.0323727	0.00172096	-0.131852	-0.0280444	-0.0976537	-0.0569873	-0.0039945	0.0258516	0.0907463	-0.000508864
TW_696_TW_696	TW_696_TW_696	2	25.2	-0.0141162	-0.0117077	-0.00530167	0.000819879	-0.00708261	0.00314093	0.00429479	-0.00460856	-0.0128231	-0.00681084	-0.0323727	0.00172096	-0.131852	-0.0280444	-0.0976537	-0.0569873	-0.0039945	0.0258516	0.0907463	-0.000508864
TW_723_TW_723	TW_723_TW_723	2	24.8	-0.0210745	0.00140979	-0.00280313	0.00610924	0.00325792	0.000338155	0.000914901	-0.0193285	0.00745283	0.00642406	0.00508521	-0.00270055	0.00614387	0.0214957	0.00374302	-0.111287	-0.0133869	-0.025683	0.0214608	-0.01718
TW_724_TW_724	TW_724_TW_724	2	24.8	-0.0210745	0.00140979	-0.00280313	0.00610924	0.00325792	0.000338155	0.000914901	-0.0193285	0.00745283	0.00642406	0.00508521	-0.00270055	0.00614387	0.0214957	0.00374302	-0.111287	-0.0133869	-0.025683	0.0214608	-0.01718
TW_79_TW_79	TW_79_TW_79	2	71	-0.0193695	0.00130932	0.00479611	-0.00314057	-0.00402309	0.00105965	0.00489083	-0.020066	-0.00122995	0.0119979	-0.00209199	-0.00605231	0.0376716	-0.081392	0.0785627	-0.00427574	0.0381868	0.0129268	-0.00834377	-0.0380021
TW_80_TW_80	TW_80_TW_80	2	71	-0.0193695	0.00130932	0.00479611	-0.00314057	-0.00402309	0.00105965	0.00489083	-0.020066	-0.00122995	0.0119979	-0.00209199	-0.00605231	0.0376716	-0.081392	0.0785627	-0.00427574	0.0381868	0.0129268	-0.00834377	-0.0380021
TW_83_TW_83	TW_83_TW_83	2	47.7	0.139522	0.00208204	-0.000750858	-0.00204477	0.00580715	0.000103355	0.00677012	-0.000819474	-0.017491	-0.0178024	-0.026768	0.0284842	0.00985046	-0.00115798	0.103416	0.0534794	0.0674118	0.104467	0.0408961	-0.0706204
TW_84_TW_84	TW_84_TW_84	2	47.7	0.139522	0.00208204	-0.000750858	-0.00204477	0.00580715	0.000103355	0.00677012	-0.000819474	-0.017491	-0.0178024	-0.026768	0.0284842	0.00985046	-0.00115798	0.103416	0.0534794	0.0674118	0.104467	0.0408961	-0.0706204
TW_885_TW_885	TW_885_TW_885	2	63.5	-0.0205376	0.0106952	0.00348529	0.00860613	0.00532803	0.0032525	0.00383981	-0.0200436	0.00187674	-0.0020177	0.0182377	0.00992916	0.00925388	-0.0133726	-0.0380036	0.0261956	0.00475841	0.0618802	0.0241203	-0.04648
TW_886_TW_886	TW_886_TW_886	2	63.5	-0.0205376	0.0106952	0.00348529	0.00860613	0.00532803	0.0032525	0.00383981	-0.0200436	0.00187674	-0.0020177	0.0182377	0.00992916	0.00925388	-0.0133726	-0.0380036	0.0261956	0.00475841	0.0618802	0.0241203	-0.04648
TW_887_TW_887	TW_887_TW_887	1	26.3	-0.0102292	-0.0328946	-0.00761716	0.00708833	-0.00587889	0.00688528	-0.00243609	-0.00772852	-0.00183738	-0.00972365	-0.0263397	-0.0316423	-0.24055	0.0518807	-0.0142609	0.162327	-0.0120917	-0.0590329	-0.0597553	0.0896181
TW_888_TW_888	TW_888_TW_888	1	26.3	-0.0102292	-0.0328946	-0.00761716	0.00708833	-0.00587889	0.00688528	-0.00243609	-0.00772852	-0.00183738	-0.00972365	-0.0263397	-0.0316423	-0.24055	0.0518807	-0.0142609	0.162327	-0.0120917	-0.0590329	-0.0597553	0.0896181
TW_889_TW_889	TW_889_TW_889	1	28.4	-0.00853613	-0.00291602	-0.00852499	-0.00244861	-0.00230993	-0.00487991	0.00660693	-0.0183488	0.00435264	-0.00642791	-0.0984534	-0.0451694	-0.00243348	0.070189	-0.025153	0.0846405	0.0855431	0.106963	-0.0516027	-0.00286575
TW_890_TW_890	TW_890_TW_890	1	28.4	-0.00853613	-0.00291602	-0.00852499	-0.00244861	-0.00230993	-0.00487991	0.00660693	-0.0183488	0.00435264	-0.00642791	-0.0984534	-0.0451694	-0.00243348	0.070189	-0.025153	0.0846405	0.0855431	0.106963	-0.0516027	-0.00286575
TW_895_TW_895	TW_895_TW_895	2	26	-0.0166671	0.00327539	-0.000239719	-0.00108564	-0.0016429	0.000234457	0.00637108	-0.0187741	0.00971303	-0.0051936	-0.0224212	-0.00712885	-0.0770818	-0.000570763	0.0125145	0.0517915	-0.00705279	-0.000915071	0.0205382	-0.00799042
TW_896_TW_896	TW_896_TW_896	2	26	-0.0166671	0.00327539	-0.000239719	-0.00108564	-0.0016429	0.000234457	0.00637108	-0.0187741	0.00971303	-0.0051936	-0.0224212	-0.00712885	-0.0770818	-0.000570763	0.0125145	0.0517915	-0.00705279	-0.000915071	0.0205382	-0.00799042
TW_91_TW_91	TW_91_TW_91	1	52.4	-0.0204342	0.00651406	-0.000244517	-0.00171207	0.00968853	0.00264119	0.000886199	-0.0128788	0.0120954	-0.00644672	0.0275892	0.00716896	0.00630624	-0.00942617	0.00387391	0.0260191	-0.0583941	0.0184055	0.0460525	0.00891498
TW_911_TW_911	TW_911_TW_911	1	58.2	0.122361	-0.000523409	-0.000467947	-0.00312165	0.00663775	0.00363755	-0.000816728	-0.000726398	-0.0210657	-0.0501458	-0.00952355	0.0703018	0.0935859	-0.226962	-0.202555	0.156909	0.187323	-0.304357	0.0195999	-0.0544742
TW_912_TW_912	TW_912_TW_912	1	58.2	0.122361	-0.000523409	-0.000467947	-0.00312165	0.00663775	0.00363755	-0.000816728	-0.000726398	-0.0210657	-0.0501458	-0.00952355	0.0703018	0.0935859	-0.226962	-0.202555	0.156909	0.187323	-0.304357	0.0195999	-0.0544742
TW_92_TW_92	TW_92_TW_92	1	52.4	-0.0204342	0.00651406	-0.000244517	-0.00171207	0.00968853	0.00264119	0.000886199	-0.0128788	0.0120954	-0.00644672	0.0275892	0.00716896	0.00630624	-0.00942617	0.00387391	0.0260191	-0.0583941	0.0184055	0.0460525	0.00891498
TW_929_TW_929	TW_929_TW_929	1	24.2	-0.0203129	0.00560167	0.000421175	0.00414494	0.000744743	0.00516009	0.0041532	-0.0196762	0.0137056	0.00299727	0.00402166	0.00996416	0.0424176	-0.0133529	-0.0293626	0.00367236	-0.109169	-0.0714488	0.0323767	0.036688
TW_930_TW_930	TW_930_TW_930	1	24.2	-0.0203129	0.00560167	0.000421175	0.00414494	0.000744743	0.00516009	0.0041532	-0.0196762	0.0137056	0.00299727	0.00402166	0.00996416	0.0424176	-0.0133529	-0.0293626	0.00367236	-0.109169	-0.0714488	0.0323767	0.036688
TW_931_TW_931	TW_931_TW_931	2	59.2	-0.0118389	-0.0134328	-0.00158613	0.00187168	0.00370295	0.00522497	0.00622497	-0.0212459	-0.019446	-0.00304351	-0.0180016	0.00596521	-0.159023	-0.0150296	-0.00975489	0.0341383	0.0500044	-0.0705382	-0.00656087	-0.0266623
TW_932_TW_932	TW_932_TW_932	2	59.2	-0.0118389	-0.0134328	-0.00158613	0.00187168	0.00370295	0.00522497	0.00622497	-0.0212459	-0.019446	-0.00304351	-0.0180016	0.00596521	-0.159023	-0.0150296	-0.00975489	0.0341383	0.0500044	-0.0705382	-0.00656087	-0.0266623
TW_933_TW_933	TW_933_TW_933	2	23.3	-0.0215723	-0.00291772	-0.0113924	0.00628013	-0.00137207	0.00306852	-0.00191962	-0.01819	0.0337233	0.00370794	0.00561423	0.00345792	-0.000370006	-0.018696	-0.0366312	-0.104925	0.0437091	0.0111696	0.0261679	-0.00877141
TW_934_TW_934	TW_934_TW_934	2	23.3	-0.0215723	-0.00291772	-0.0113924	0.00628013	-0.00137207	0.00306852	-0.00191962	-0.01819	0.0337233	0.00370794	0.00561423	0.00345792	-0.000370006	-0.018696	-0.0366312	-0.104925	0.0437091	0.0111696	0.0261679	-0.00877141
TW_935_TW_935	TW_935_TW_935	2	24.5	-0.0234052	0.00742787	-0.00336644	-0.00652685	0.000519713	0.00148659	0.00837476	-0.0192259	0.00292009	0.00595795	0.0235926	-0.000136864	0.00500532	-0.0456115	0.0244615	0.037127	0.00616522	0.0409586	0.00478892	0.0378062
TW_936_TW_936	TW_936_TW_936	2	24.5	-0.0234052	0.00742787	-0.00336644	-0.00652685	0.000519713	0.00148659	0.00837476	-0.0192259	0.00292009	0.00595795	0.0235926	-0.000136864	0.00500532	-0.0456115	0.0244615	0.037127	0.00616522	0.0409586	0.00478892	0.0378062
TW_937_TW_937	TW_937_TW_937	2	36.4	-0.019277	0.00742622	-0.00270984	-0.00158004	-0.00311973	0.00673546	0.00622539	-0.01917	0.00726951	-0.000794008	0.0206213	0.00582986	0.0295664	0.117966	-0.0365886	0.0621268	0.0203179	0.0381121	-0.0507156	-0.0947191
TW_938_TW_938	TW_938_TW_938	2	36.4	-0.019277	0.00742622	-0.00270984	-0.00158004	-0.00311973	0.00673546	0.00622539	-0.01917	0.00726951	-0.000794008	0.0206213	0.00582986	0.0295664	0.117966	-0.0365886	0.0621268	0.0203179	0.0381121	-0.0507156	-0.0947191
TW_951_TW_951	TW_951_TW_951	1	34.9	-0.0212479	0.00322043	0.00883619	-0.000929285	0.00678337	0.00344321	0.00307634	-0.0113355	0.0109441	0.00144544	0.017855	0.0093487	0.0623715	0.0815887	-0.0694283	0.0404886	-0.00421318	-0.0434452	0.0257154	-0.0314382
TW_952_TW_952	TW_952_TW_952	1	34.9	-0.0212479	0.00322043	0.00883619	-0.000929285	0.00678337	0.00344321	0.00307634	-0.0113355	0.0109441	0.00144544	0.017855	0.0093487	0.0623715	0.0815887	-0.0694283	0.0404886	-0.00421318	-0.0434452	0.0257154	-0.0314382
TW_997_TW_997	TW_997_TW_997	2	56.6	-0.0213805	0.00448914	-0.00933903	0.00221989	-0.012052	0.00764982	0.00272128	-0.0126465	0.00913209	-0.00453216	0.0146295	0.0182634	0.0322898	-0.00516341	-0.0360011	0.00650302	-0.0421879	0.00751794	0.0116599	-0.0199155
TW_998_TW_998	TW_998_TW_998	2	56.6	-0.0213805	0.00448914	-0.00933903	0.00221989	-0.012052	0.00764982	0.00272128	-0.0126465	0.00913209	-0.00453216	0.0146295	0.0182634	0.0322898	-0.00516341	-0.0360011	0.00650302	-0.0421879	0.00751794	0.0116599	-0.0199155
